1,的,18680621,18680621
2,一,9613769,28294390
3,不,8204599,36498989
4,是,7466187,43965176
5,了,7333949,51299125
6,人,5802056,57101181
7,他,5787650,62888831
8,我,5386846,68275677
9,在,4953856,73229533
10,有,4660810,77890343
11,这,4198181,82088524
12,道,3883431,85971955
13,你,3824636,89796591
14,来,3625753,93422344
15,她,3303650,96725994
16,大,3208165,99934159
17,个,3206899,103141058
18,上,3182706,106323764
19,中,3033287,109357051
20,到,2669989,112027040
21,说,2638975,114666015
22,出,2525403,117191418
23,地,2482147,119673565
24,为,2458684,122132249
25,们,2434475,124566724
26,要,2376096,126942820
27,着,2372410,129315230
28,子,2344904,131660134
29,下,2328581,133988715
30,那,2316251,136304966
31,也,2302001,138606967
32,得,2295545,140902512
33,会,2227126,143129638
34,和,2211122,145340760
35,就,2088413,147429173
36,时,2009603,149438776
37,以,2007326,151446102
38,之,1966526,153412628
39,国,1946535,155359163
40,可,1940251,157299414
41,去,1879380,159178794
42,么,1878998,161057792
43,心,1856878,162914670
44,过,1815531,164730201
45,好,1806789,166536990
46,然,1806703,168343693
47,对,1790824,170134517
48,自,1733722,171868239
49,小,1697211,173565450
50,天,1585816,175151266
51,看,1534502,176685768
52,手,1520643,178206411
53,生,1510114,179716525
54,里,1472093,181188618
55,而,1457026,182645644
56,发,1449307,184094951
57,后,1438803,185533754
58,能,1436110,186969864
59,家,1424155,188394019
60,起,1410805,189804824
61,只,1410075,191214899
62,没,1407689,192622588
63,想,1381136,194003724
64,事,1372271,195375995
65,还,1360626,196736621
66,如,1358727,198095348
67,身,1317286,199412634
68,多,1316185,200728819
69,已,1311772,202040591
70,面,1286742,203327333
71,无,1261486,204588819
72,头,1259825,205848644
73,方,1256917,207105561
74,开,1252725,208358286
75,都,1235383,209593669
76,行,1230853,210824522
77,前,1207033,212031555
78,知,1201461,213233016
79,见,1195631,214428647
80,声,1186814,215615461
81,又,1179110,216794571
82,作,1156881,217951452
83,成,1149862,219101314
84,两,1141694,220243008
85,用,1132528,221375536
86,于,1122754,222498290
87,经,1117356,223615646
88,老,1086082,224701728
89,笑,1078235,225779963
90,法,1067997,226847960
91,年,1055731,227903691
92,当,1033373,228937064
93,日,1030012,229967076
94,意,1023044,230990120
95,点,1011290,232001410
96,动,1008882,233010292
97,所,1005012,234015304
98,此,1002715,235018019
99,现,991383,236009402
100,进,984418,236993820
101,情,977652,237971472
102,但,975882,238947354
103,主,974196,239921550
104,什,969298,240890848
105,把,965874,241856722
106,同,951925,242808647
107,定,947221,243755868
108,长,944725,244700593
109,全,944366,245644959
110,回,940852,246585811
111,三,919908,247505719
112,样,916890,248422609
113,力,911639,249334248
114,分,909295,250243543
115,本,904905,251148448
116,向,892455,252040903
117,实,891639,252932542
118,问,889010,253821552
119,女,881200,254702752
120,高,872523,255575275
121,十,870534,256445809
122,话,862652,257308461
123,儿,861919,258170380
124,明,861192,259031572
125,气,858664,259890236
126,将,842033,260732269
127,与,839957,261572226
128,眼,839210,262411436
129,正,835449,263246885
130,走,833225,264080110
131,从,827164,264907274
132,真,814423,265721697
133,些,807571,266529268
134,理,803808,267333076
135,己,796018,268129094
136,口,792309,268921403
137,外,788484,269709887
138,公,786708,270496595
139,门,775512,271272107
140,间,774699,272046806
141,重,757154,272803960
142,其,754043,273558003
143,再,752677,274310680
144,等,746478,275057158
145,才,746316,275803474
146,种,744335,276547809
147,工,742702,277290511
148,学,734520,278025031
149,民,733140,278758171
150,业,731511,279489682
151,相,718605,280208287
152,很,716123,280924410
153,关,715490,281639900
154,因,715426,282355326
155,文,700541,283055867
156,二,698717,283754584
157,部,695483,284450067
158,何,690903,285140970
159,却,668911,285809881
160,听,667283,286477164
161,少,666747,287143911
162,名,663415,287807326
163,神,659466,288466792
164,被,658618,289125410
165,白,657807,289783217
166,住,656225,290439442
167,者,651339,291090781
168,打,646439,291737220
169,新,638601,292375821
170,便,638262,293014083
171,月,634552,293648635
172,先,633435,294282070
173,位,624246,294906316
174,最,615201,295521517
175,机,605694,296127211
176,给,603676,296730887
177,内,601368,297332255
178,使,600618,297932873
179,山,594713,298527586
180,应,594695,299122281
181,信,586945,299709226
182,加,584457,300293683
183,几,583593,300877276
184,别,579676,301456952
185,目,575390,302032342
186,处,574944,302607286
187,次,572316,303179602
188,水,571281,303750883
189,太,570066,304320949
190,光,566744,304887693
191,入,565492,305453185
192,并,565355,306018540
193,合,565061,306583601
194,立,562831,307146432
195,由,561567,307707999
196,风,560216,308268215
197,表,552694,308820909
198,报,550501,309371410
199,难,548377,309919787
200,死,548185,310467972
201,今,544473,311012445
202,平,541005,311553450
203,展,540926,312094376
204,四,532923,312627299
205,金,527229,313154528
206,怎,527200,313681728
207,体,526433,314208161
208,色,522013,314730174
209,安,521580,315251754
210,果,520863,315772617
211,放,519001,316291618
212,更,512587,316804205
213,马,511989,317316194
214,西,511843,317828037
215,感,511488,318339525
216,觉,505276,318844801
217,化,504876,319349677
218,美,503208,319852885
219,快,501326,320354211
220,总,498931,320853142
221,夫,496962,321350104
222,第,496264,321846368
223,接,495474,322341842
224,做,495424,322837266
225,直,494722,323331988
226,叫,491692,323823680
227,比,491668,324315348
228,政,491167,324806515
229,建,488179,325294694
230,连,486267,325780961
231,场,485630,326266591
232,市,484614,326751205
233,利,480582,327231787
234,望,479846,327711633
235,数,479663,328191296
236,解,477696,328668992
237,制,475417,329144409
238,性,474650,329619059
239,让,472739,330091798
240,像,471922,330563720
241,原,471075,331034795
242,步,468696,331503491
243,剑,467997,331971488
244,轻,467410,332438898
245,系,467275,332906173
246,世,466579,333372752
247,王,463525,333836277
248,教,462579,334298856
249,特,462229,334761085
250,边,460515,335221600
251,提,459343,335680943
252,通,456701,336137644
253,万,456253,336593897
254,师,455658,337049555
255,产,455374,337504929
256,结,454530,337959459
257,算,454331,338413790
258,任,453943,338867733
259,双,449476,339317209
260,电,447043,339764252
261,脸,445820,340210072
262,常,445390,340655462
263,东,444652,341100114
264,路,443176,341543290
265,张,442854,341986144
266,强,442228,342428372
267,受,441685,342870057
268,各,436292,343306349
269,记,433266,343739615
270,非,431938,344171553
271,冷,428465,344600018
272,转,427778,345027796
273,爱,427454,345455250
274,命,427091,345882341
275,花,426344,346308685
276,飞,425060,346733745
277,活,424749,347158494
278,云,422708,347581202
279,及,421889,348003091
280,度,421486,348424577
281,必,419089,348843666
282,吗,417443,349261109
283,至,416170,349677279
284,清,415199,350092478
285,亲,413623,350506101
286,功,413102,350919203
287,思,412945,351332148
288,五,412103,351744251
289,件,410123,352154374
290,变,408845,352563219
291,该,405449,352968668
292,海,404779,353373447
293,管,400965,353774412
294,未,400852,354175264
295,指,399841,354575105
296,设,398011,354973116
297,江,396539,355369655
298,计,395435,355765090
299,带,394904,356159994
300,认,393082,356553076
301,社,392809,356945885
302,交,391227,357337112
303,深,389226,357726338
304,言,387300,358113638
305,华,385986,358499624
306,往,385487,358885111
307,吧,385288,359270399
308,斯,383001,359653400
309,题,380183,360033583
310,保,379646,360413229
311,似,378927,360792156
312,南,378378,361170534
313,完,377078,361547612
314,林,377006,361924618
315,员,375953,362300571
316,书,375724,362676295
317,许,373256,363049551
318,决,373185,363422736
319,务,372318,363795054
320,武,371541,364166595
321,干,371449,364538044
322,形,370269,364908313
323,反,369692,365278005
324,衣,369417,365647422
325,元,368153,366015575
326,近,362867,366378442
327,物,361223,366739665
328,龙,361141,367100806
329,呢,359764,367460570
330,条,358907,367819477
331,它,357942,368177419
332,义,356212,368533631
333,青,355867,368889498
334,区,355422,369244920
335,若,355225,369600145
336,车,354875,369955020
337,容,352369,370307389
338,程,351527,370658916
339,北,350914,371009830
340,统,350220,371360050
341,服,348538,371708588
342,红,348471,372057059
343,求,345117,372402176
344,量,342593,372744769
345,跟,338826,373083595
346,落,337022,373420617
347,济,336134,373756751
348,满,336081,374092832
349,告,335718,374428550
350,李,335528,374764078
351,拉,335479,375099557
352,惊,335120,375434677
353,娘,334638,375769315
354,即,332795,376102110
355,吃,332494,376434604
356,黑,330825,376765429
357,尔,330770,377096199
358,空,330421,377426620
359,军,330326,377756946
360,传,329015,378085961
361,找,327391,378413352
362,石,326774,378740126
363,极,326583,379066709
364,远,324867,379391576
365,早,324830,379716406
366,取,324418,380040824
367,领,323626,380364450
368,息,322732,380687182
369,玉,322684,381009866
370,奇,322286,381332152
371,则,318566,381650718
372,微,317100,381967818
373,且,316926,382284744
374,改,316516,382601260
375,流,316084,382917344
376,战,315091,383232435
377,办,314245,383546680
378,令,313936,383860616
379,半,312881,384173497
380,离,312802,384486299
381,虽,311996,384798295
382,据,310810,385109105
383,收,310361,385419466
384,资,310198,385729664
385,请,310163,386039827
386,百,309519,386349346
387,字,308941,386658287
388,火,308057,386966344
389,基,307506,387273850
390,失,307181,387581031
391,倒,306204,387887235
392,怕,306062,388193297
393,房,304406,388497703
394,弟,304190,388801893
395,式,303988,389105881
396,论,302092,389407973
397,象,301407,389709380
398,紧,301176,390010556
399,竟,299335,390309891
400,科,298957,390608848
401,克,298006,390906854
402,候,296965,391203819
403,达,295944,391499763
404,影,295601,391795364
405,势,295598,392090962
406,持,295149,392386111
407,杀,294640,392680751
408,德,293701,392974452
409,语,293633,393268085
410,视,292588,393560673
411,绝,292114,393852787
412,音,291747,394144534
413,术,288743,394433277
414,伤,286172,394719449
415,或,286050,395005499
416,期,285770,395291269
417,突,284853,395576122
418,男,284680,395860802
419,士,284381,396145183
420,司,284183,396429366
421,坐,282159,396711525
422,每,281544,396993069
423,众,281424,397274493
424,随,280170,397554663
425,谁,279878,397834541
426,院,279055,398113596
427,喜,278855,398392451
428,父,278698,398671149
429,委,278061,398949210
430,急,277515,399226725
431,代,277400,399504125
432,议,277345,399781470
433,刻,276702,400058172
434,切,274733,400332905
435,暗,274172,400607077
436,兄,273854,400880931
437,掌,273808,401154739
438,党,273742,401428481
439,客,273356,401701837
440,农,272734,401974571
441,城,272203,402246774
442,技,271744,402518518
443,刚,271655,402790173
444,哥,270870,403061043
445,怪,270582,403331625
446,友,267104,403598729
447,界,266503,403865232
448,品,264013,404129245
449,乎,264011,404393256
450,根,263445,404656701
451,精,263228,404919929
452,调,261438,405181367
453,八,261244,405442611
454,首,261124,405703735
455,举,260520,405964255
456,罗,259800,406224055
457,姑,258940,406482995
458,识,258684,406741679
459,共,257754,406999433
460,苦,256938,407256371
461,队,256196,407512567
462,组,254635,407767202
463,运,253965,408021167
464,敢,253578,408274745
465,企,252889,408527634
466,格,252872,408780506
467,治,252642,409033148
468,府,252517,409285665
469,京,252425,409538090
470,谈,252014,409790104
471,尽,250422,410040526
472,孩,249974,410290500
473,台,249296,410539796
474,际,248237,410788033
475,答,247493,411035526
476,单,247152,411282678
477,站,246003,411528681
478,千,245942,411774623
479,确,245489,412020112
480,断,245190,412265302
481,足,244969,412510271
482,示,244112,412754383
483,整,242908,412997291
484,图,242858,413240149
485,留,242771,413482920
486,片,242617,413725537
487,始,240731,413966268
488,布,240316,414206584
489,铁,239253,414445837
490,香,238039,414683876
491,般,237182,414921058
492,晚,236510,415157568
493,准,235320,415392888
494,集,234833,415627721
495,七,234405,415862126
496,刀,233887,416096013
497,待,233850,416329863
498,忽,233577,416563440
499,英,232917,416796357
500,导,232782,417029139
501,宝,232350,417261489
502,错,231880,417493369
503,帮,231520,417724889
504,联,230846,417955735
505,阿,230701,418186436
506,兴,230095,418416531
507,约,229839,418646370
508,沉,229371,418875741
509,夜,228638,419104379
510,低,227371,419331750
511,仍,227157,419558907
512,招,227075,419785982
513,消,226981,420012963
514,欢,226341,420239304
515,忙,226323,420465627
516,观,225985,420691612
517,易,223220,420914832
518,害,223039,421137871
519,曾,222873,421360744
520,志,222575,421583319
521,官,220750,421804069
522,规,220147,422024216
523,推,220116,422244332
524,越,219497,422463829
525,九,219455,422683284
526,哪,219090,422902374
527,送,218938,423121312
528,照,218514,423339826
529,久,218487,423558313
530,周,218294,423776607
531,阳,218087,423994694
532,复,217657,424212351
533,局,216333,424428684
534,施,216032,424644716
535,拿,215066,424859782
536,愿,214634,425074416
537,母,214138,425288554
538,甚,213802,425502356
539,爷,213780,425716136
540,阵,213573,425929709
541,备,213272,426142981
542,乐,213164,426356145
543,项,212742,426568887
544,广,212570,426781457
545,群,212180,426993637
546,终,211893,427205530
547,姐,210305,427415835
548,啊,210283,427626118
549,引,209434,427835552
550,商,209050,428044602
551,增,208798,428253400
552,底,207920,428461320
553,团,207754,428669074
554,巴,207378,428876452
555,钱,206523,429082975
556,故,206364,429289339
557,血,206297,429495636
558,热,205848,429701484
559,念,205254,429906738
560,黄,204963,430111701
561,查,204729,430316430
562,响,204508,430520938
563,静,204074,430725012
564,闻,203735,430928747
565,脚,203731,431132478
566,支,203654,431336132
567,星,203243,431539375
568,模,202605,431741980
569,究,202599,431944579
570,造,202348,432146927
571,包,201913,432348840
572,护,201199,432550039
573,楚,200937,432750976
574,亚,200892,432951868
575,酒,200391,433152259
576,省,199868,433352127
577,段,199226,433551353
578,注,198212,433749565
579,依,197933,433947498
580,六,197758,434145256
581,句,197351,434342607
582,除,197238,434539845
583,希,197080,434736925
584,况,196206,434933131
585,喝,195943,435129074
586,证,194085,435323159
587,显,193991,435517150
588,须,193346,435710496
589,严,193342,435903838
590,破,193149,436096987
591,古,192242,436289229
592,左,191800,436481029
593,村,191178,436672207
594,费,189820,436862027
595,怀,189064,437051091
596,线,188837,437239928
597,摇,188724,437428652
598,存,188530,437617182
599,诉,188208,437805390
600,痛,188156,437993546
601,装,187832,438181378
602,另,187742,438369120
603,类,187617,438556737
604,汉,186959,438743696
605,居,186951,438930647
606,具,186491,439117138
607,哈,186387,439303525
608,灵,186251,439489776
609,标,185951,439675727
610,研,185710,439861437
611,朝,185258,440046695
612,冲,185088,440231783
613,击,184546,440416329
614,投,183975,440600304
615,雷,183432,440783736
616,纪,182957,440966693
617,选,182825,441149518
618,需,182118,441331636
619,既,181602,441513238
620,参,181546,441694784
621,毒,181510,441876294
622,权,180981,442057275
623,环,179877,442237152
624,专,178783,442415935
625,呼,178583,442594518
626,谢,178108,442772626
627,雪,178036,442950662
628,派,177517,443128179
629,尚,177488,443305667
630,退,177236,443482903
631,余,176626,443659529
632,银,174585,443834114
633,否,174537,444008651
634,兰,174425,444183076
635,器,174397,444357473
636,兵,173852,444531325
637,追,173808,444705133
638,细,173663,444878796
639,木,173124,445051920
640,异,172812,445224732
641,续,171886,445396618
642,湖,171645,445568263
643,质,171588,445739851
644,级,171566,445911417
645,停,171444,446082861
646,树,170827,446253688
647,争,169930,446423618
648,背,169710,446593328
649,乱,169708,446763036
650,育,168735,446931771
651,怒,168591,447100362
652,君,168326,447268688
653,革,168168,447436856
654,右,167997,447604853
655,独,166870,447771723
656,节,166845,447938568
657,旁,166833,448105401
658,够,166762,448272163
659,莫,165201,448437364
660,敌,165027,448602391
661,止,164851,448767242
662,疑,164334,448931576
663,宫,164326,449095902
664,写,164107,449260009
665,态,164036,449424045
666,构,163566,449587611
667,穿,163243,449750854
668,闪,162738,449913592
669,恶,161571,450075163
670,效,161310,450236473
671,病,161248,450397721
672,妹,160799,450558520
673,赶,159905,450718425
674,密,159858,450878283
675,露,159706,451037989
676,料,159255,451197244
677,救,158786,451356030
678,责,158738,451514768
679,历,158595,451673363
680,顾,158554,451831917
681,嘴,158348,451990265
682,速,158297,452148562
683,较,158248,452306810
684,陈,158113,452464923
685,副,157964,452622887
686,维,157876,452780763
687,境,157022,452937785
688,缓,156922,453094707
689,称,156840,453251547
690,史,156779,453408326
691,楼,156680,453565006
692,药,156433,453721439
693,致,155419,453876858
694,讲,155404,454032262
695,负,155171,454187433
696,抓,154906,454342339
697,差,154900,454497239
698,型,154570,454651809
699,采,154457,454806266
700,继,154331,454960597
701,助,153101,455113698
702,威,152785,455266483
703,坚,152748,455419231
704,值,152733,455571964
705,妈,152298,455724262
706,寒,151949,455876211
707,丽,151804,456028015
708,室,151735,456179750
709,角,151449,456331199
710,顿,151445,456482644
711,亮,151043,456633687
712,医,151029,456784716
713,号,150959,456935675
714,雨,150944,457086619
715,温,150305,457236924
716,杨,150231,457387155
717,烈,150226,457537381
718,案,149724,457687105
719,职,149556,457836661
720,假,149506,457986167
721,梦,148903,458135070
722,游,148832,458283902
723,户,148591,458432493
724,扬,148509,458581002
725,齐,148490,458729492
726,河,148327,458877819
727,朋,148316,459026135
728,忍,147332,459173467
729,初,147123,459320590
730,礼,147054,459467644
731,价,146846,459614490
732,斗,146520,459761010
733,族,146371,459907381
734,您,146085,460053466
735,索,146071,460199537
736,试,145788,460345325
737,眉,145714,460491039
738,座,145674,460636713
739,优,145525,460782238
740,鬼,145093,460927331
741,禁,144939,461072270
742,睛,144859,461217129
743,险,144664,461361793
744,沙,144478,461506271
745,网,144150,461650421
746,承,144080,461794501
747,胜,143813,461938314
748,修,143356,462081670
749,创,142967,462224637
750,协,142883,462367520
751,慢,142516,462510036
752,席,142485,462652521
753,划,142254,462794775
754,激,141914,462936689
755,丝,141386,463078075
756,列,141286,463219361
757,堂,140859,463360220
758,春,140784,463501004
759,咱,140377,463641381
760,秋,140263,463781644
761,胡,140051,463921695
762,叹,139989,464061684
763,抱,139988,464201672
764,妇,139980,464341652
765,耳,139888,464481540
766,脑,139492,464621032
767,仅,138697,464759729
768,简,138579,464898308
769,县,138413,465036721
770,织,138249,465174970
771,份,137990,465312960
772,仙,137783,465450743
773,唐,137727,465588470
774,换,137533,465726003
775,防,137278,465863281
776,赛,137228,466000509
777,肯,136839,466137348
778,船,136101,466273449
779,考,135997,466409446
780,挥,135990,466545436
781,围,135928,466681364
782,庄,135348,466816712
783,呀,135060,466951772
784,朱,134197,467085969
785,善,133882,467219851
786,素,133125,467352976
787,阴,133053,467486029
788,尼,132785,467618814
789,益,132673,467751487
790,瞧,132660,467884147
791,州,132491,468016638
792,充,132082,468148720
793,岁,131925,468280645
794,睡,131556,468412201
795,福,131196,468543397
796,皮,131123,468674520
797,层,130632,468805152
798,丈,130583,468935735
799,波,130485,469066220
800,跳,129507,469195727
801,忘,129416,469325143
802,遇,129362,469454505
803,刘,129290,469583795
804,担,129154,469712949
805,习,128952,469841901
806,掉,128690,469970591
807,柔,128680,470099271
808,营,128608,470227879
809,贵,128555,470356434
810,土,127987,470484421
811,隐,127763,470612184
812,置,127594,470739778
813,良,127235,470867013
814,跑,127050,470994063
815,藏,126940,471121003
816,伯,126671,471247674
817,排,126522,471374196
818,屋,126358,471500554
819,脱,126152,471626706
820,块,125935,471752641
821,率,125912,471878553
822,孙,125776,472004329
823,淡,125727,472130056
824,律,125717,472255773
825,亦,125373,472381146
826,震,125284,472506430
827,幸,125098,472631528
828,供,124956,472756484
829,狂,124605,472881089
830,策,124422,473005511
831,画,124355,473129866
832,按,124240,473254106
833,卫,123986,473378092
834,逃,123981,473502073
835,察,123681,473625754
836,景,123291,473749045
837,寻,123178,473872223
838,积,123142,473995365
839,永,123104,474118469
840,猛,122878,474241347
841,草,122747,474364094
842,佛,122724,474486818
843,股,122596,474609414
844,叶,122496,474731910
845,秀,122321,474854231
846,访,122281,474976512
847,魔,122188,475098700
848,啦,121476,475220176
849,乡,120997,475341173
850,辈,120973,475462146
851,散,120672,475582818
852,守,120561,475703379
853,范,120411,475823790
854,松,120292,475944082
855,免,120194,476064276
856,属,119861,476184137
857,虎,119558,476303695
858,恐,119291,476422986
859,养,119175,476542161
860,伸,119030,476661191
861,警,118855,476780046
862,婚,118548,476898594
863,艺,118416,477017010
864,厉,118176,477135186
865,凌,118137,477253323
866,执,117835,477371158
867,皇,117578,477488736
868,毛,117392,477606128
869,验,117352,477723480
870,富,117320,477840800
871,状,117307,477958107
872,攻,117261,478075368
873,某,116800,478192168
874,校,116634,478308802
875,迎,116594,478425396
876,练,116462,478541858
877,食,116397,478658255
878,源,116120,478774375
879,顺,115794,478890169
880,适,115588,479005757
881,玩,115542,479121299
882,田,115247,479236546
883,镇,115150,479351696
884,翻,114751,479466447
885,罪,114665,479581112
886,困,114542,479695654
887,欲,114358,479810012
888,苏,114066,479924078
889,章,114033,480038111
890,恨,113739,480151850
891,毫,113650,480265500
892,央,113476,480378976
893,米,113453,480492429
894,泪,113226,480605655
895,醒,112705,480718360
896,弄,112545,480830905
897,靠,112431,480943336
898,略,112340,481055676
899,饭,112297,481167973
900,端,112064,481280037
901,床,111849,481391886
902,味,111300,481503186
903,雄,111291,481614477
904,讨,110946,481725423
905,秘,110942,481836365
906,燕,110875,481947240
907,批,109900,482057140
908,渐,109882,482167022
909,顶,109224,482276246
910,冰,108963,482385209
911,刺,108453,482493662
912,获,108447,482602109
913,付,108375,482710484
914,宣,108350,482818834
915,姓,108348,482927182
916,替,108099,483035281
917,探,107978,483143259
918,球,107723,483250982
919,配,107719,483358701
920,凤,107590,483466291
921,徐,107455,483573746
922,归,107173,483680919
923,港,106990,483787909
924,恩,106710,483894619
925,欧,106461,484001080
926,射,106353,484107433
927,宁,106279,484213712
928,店,106277,484319989
929,演,106099,484426088
930,迷,106012,484532100
931,钟,105900,484638000
932,珠,105699,484743699
933,普,105699,484849398
934,梅,105523,484954921
935,著,105377,485060298
936,洞,105226,485165524
937,赵,104756,485270280
938,临,104519,485374799
939,胸,104382,485479181
940,吸,104049,485583230
941,财,103740,485686970
942,限,103507,485790477
943,舞,103479,485893956
944,印,103434,485997390
945,买,103210,486100600
946,凡,103152,486203752
947,班,102968,486306720
948,拍,102534,486409254
949,检,102401,486511655
950,握,102355,486614010
951,卡,102172,486716182
952,晓,101900,486818082
953,压,101567,486919649
954,尊,101493,487021142
955,虚,101355,487122497
956,婆,101217,487223714
957,劳,101208,487324922
958,托,100937,487425859
959,短,100930,487526789
960,超,100790,487627579
961,妻,100695,487728274
962,稳,100448,487828722
963,伙,100320,487929042
964,康,100302,488029344
965,移,100221,488129565
966,劲,100069,488229634
967,陆,99989,488329623
968,徒,99429,488429052
969,封,99393,488528445
970,奔,99384,488627829
971,厅,99092,488726921
972,哭,98781,488825702
973,祖,98551,488924253
974,板,98510,489022763
975,烟,98405,489121168
976,互,98395,489219563
977,序,98375,489317938
978,谷,98122,489416060
979,蓝,98040,489514100
980,败,97983,489612083
981,默,97953,489710036
982,均,97843,489807879
983,预,97782,489905661
984,园,97758,490003419
985,软,97685,490101104
986,控,97658,490198762
987,仇,97274,490296036
988,妙,97160,490393196
989,窗,97097,490490293
990,野,97079,490587372
991,占,96832,490684204
992,夏,96675,490780879
993,骨,96655,490877534
994,邪,96533,490974067
995,圣,96370,491070437
996,盘,96311,491166748
997,危,96143,491262891
998,杰,96104,491358995
999,避,96024,491455019
1000,肩,95688,491550707
1001,抬,95614,491646321
1002,坏,95407,491741728
1003,紫,95193,491836921
1004,休,94949,491931870
1005,讯,94835,492026705
1006,监,94583,492121288
1007,束,94560,492215848
1008,午,94523,492310371
1009,蒙,94415,492404786
1010,词,94159,492498945
1011,曰,94154,492593099
1012,犯,94139,492687238
1013,读,94053,492781291
1014,乃,93778,492875069
1015,纳,93470,492968539
1016,例,93341,493061880
1017,登,93288,493155168
1018,含,93100,493248268
1019,沈,93058,493341326
1020,浪,92910,493434236
1021,呆,92891,493527127
1022,硬,92515,493619642
1023,库,92451,493712093
1024,柳,92152,493804245
1025,亿,91571,493895816
1026,笔,91373,493987189
1027,智,91116,494078305
1028,罢,90936,494169241
1029,绿,90542,494259783
1030,厂,90503,494350286
1031,韩,90498,494440784
1032,肉,90085,494530869
1033,吉,89993,494620862
1034,巨,89986,494710848
1035,雅,89949,494800797
1036,馆,89815,494890612
1037,伊,89577,494980189
1038,杜,89135,495069324
1039,吴,88578,495157902
1040,套,88341,495246243
1041,灯,88188,495334431
1042,丹,87991,495422422
1043,剧,86994,495509416
1044,萧,86976,495596392
1045,帝,86965,495683357
1046,麻,86899,495770256
1047,透,86885,495857141
1048,巧,86721,495943862
1049,献,86710,496030572
1050,街,86405,496116977
1051,桌,86379,496203356
1052,姊,86193,496289549
1053,牙,86149,496375698
1054,毕,86115,496461813
1055,泽,85917,496547730
1056,杯,85728,496633458
1057,摆,85679,496719137
1058,评,85668,496804805
1059,拜,85575,496890380
1060,曲,85522,496975902
1061,奥,85505,497061407
1062,油,85334,497146741
1063,偷,85326,497232067
1064,杂,85310,497317377
1065,介,85142,497402519
1066,纵,84961,497487480
1067,洲,84867,497572347
1068,牛,84812,497657159
1069,卖,84625,497741784
1070,凝,84455,497826239
1071,输,84188,497910427
1072,健,84020,497994447
1073,荣,83626,498078073
1074,述,83349,498161422
1075,域,83296,498244718
1076,款,83211,498327929
1077,概,83177,498411106
1078,宇,83172,498494278
1079,彩,83085,498577363
1080,臂,82991,498660354
1081,歌,82868,498743222
1082,旧,82816,498826038
1083,秦,82662,498908700
1084,偏,82624,498991324
1085,测,82622,499073946
1086,侠,82619,499156565
1087,迟,82476,499239041
1088,爹,82405,499321446
1089,诗,82376,499403822
1090,针,82295,499486117
1091,版,82117,499568234
1092,鱼,82038,499650272
1093,烦,82024,499732296
1094,贝,81992,499814288
1095,愈,81923,499896211
1096,丁,81902,499978113
1097,魂,81625,500059738
1098,尖,81625,500141363
1099,懂,81464,500222827
1100,升,81412,500304239
1101,峰,81195,500385434
1102,惜,81179,500466613
1103,征,81172,500547785
1104,童,81030,500628815
1105,弱,80723,500709538
1106,吓,80540,500790078
1107,敬,80530,500870608
1108,抗,80447,500951055
1109,私,80406,501031461
1110,戏,80149,501111610
1111,宗,80136,501191746
1112,误,79942,501271688
1113,促,79755,501351443
1114,逐,79275,501430718
1115,郎,79241,501509959
1116,诸,79000,501588959
1117,尤,78840,501667799
1118,挑,78808,501746607
1119,牌,78632,501825239
1120,洛,78432,501903671
1121,森,78229,501981900
1122,借,78209,502060109
1123,熟,78048,502138157
1124,庭,77525,502215682
1125,娇,77249,502292931
1126,纷,77213,502370144
1127,喊,77172,502447316
1128,架,77035,502524351
1129,横,77029,502601380
1130,侧,76936,502678316
1131,唇,76836,502755152
1132,豪,76739,502831891
1133,努,76700,502908591
1134,编,76623,502985214
1135,弹,76573,503061787
1136,判,76237,503138024
1137,盖,75922,503213946
1138,贫,75811,503289757
1139,拳,75762,503365519
1140,抢,75612,503441131
1141,络,75387,503516518
1142,闭,75250,503591768
1143,贸,75170,503666938
1144,孤,75153,503742091
1145,虑,75071,503817162
1146,拥,75012,503892174
1147,悲,74857,503967031
1148,爸,74726,504041757
1149,疾,74711,504116468
1150,训,74629,504191097
1151,额,74612,504265709
1152,销,74541,504340250
1153,盛,74535,504414785
1154,迹,74496,504489281
1155,冒,74492,504563773
1156,降,74214,504637987
1157,玄,74211,504712198
1158,哼,74203,504786401
1159,岂,74138,504860539
1160,怜,74078,504934617
1161,狠,74053,505008670
1162,鲜,74038,505082708
1163,伟,74022,505156730
1164,叔,73933,505230663
1165,胆,73919,505304582
1166,迫,73834,505378416
1167,折,73824,505452240
1168,腰,73628,505525868
1169,残,73427,505599295
1170,抽,73400,505672695
1171,奶,73230,505745925
1172,骂,73157,505819082
1173,凶,72946,505892028
1174,摸,72561,505964589
1175,飘,72446,506037035
1176,墙,72333,506109368
1177,轮,72105,506181473
1178,扑,72053,506253526
1179,阶,72040,506325566
1180,茶,71969,506397535
1181,趣,71890,506469425
1182,洋,71886,506541311
1183,舍,71828,506613139
1184,操,71634,506684773
1185,腿,71565,506756338
1186,厚,71487,506827825
1187,闹,70885,506898710
1188,塞,70855,506969565
1189,诺,70702,507040267
1190,番,70688,507110955
1191,减,70598,507181553
1192,氏,70568,507252121
1193,纸,70552,507322673
1194,础,70488,507393161
1195,碰,70160,507463321
1196,释,70142,507533463
1197,材,69975,507603438
1198,培,69927,507673365
1199,陪,69927,507743292
1200,圆,69844,507813136
1201,唯,69601,507882737
1202,缺,69562,507952299
1203,届,69557,508021856
1204,遍,69512,508091368
1205,伦,69466,508160834
1206,竹,69252,508230086
1207,货,69245,508299331
1208,孔,69103,508368434
1209,混,69103,508437537
1210,奋,69052,508506589
1211,庆,68869,508575458
1212,娜,68858,508644316
1213,遗,68789,508713105
1214,仲,68667,508781772
1215,枪,68512,508850284
1216,勒,68494,508918778
1217,映,68341,508987119
1218,洪,68329,509055448
1219,鼓,68047,509123495
1220,谓,67673,509191168
1221,鲁,67669,509258837
1222,跃,67624,509326461
1223,赞,67541,509394002
1224,舒,67484,509461486
1225,穴,67236,509528722
1226,颜,67125,509595847
1227,孟,67104,509662951
1228,税,67071,509730022
1229,搞,67068,509797090
1230,挂,66915,509864005
1231,壁,66643,509930648
1232,夺,66507,509997155
1233,菜,66335,510063490
1234,贼,66150,510129640
1235,逼,66114,510195754
1236,慕,65881,510261635
1237,妖,65732,510327367
1238,宋,65728,510393095
1239,岳,65528,510458623
1240,旅,65511,510524134
1241,审,65479,510589613
1242,绍,65470,510655083
1243,补,65366,510720449
1244,伏,65357,510785806
1245,俊,65256,510851062
1246,扶,65219,510916281
1247,迅,65190,510981471
1248,勇,65132,511046603
1249,附,64994,511111597
1250,朗,64991,511176588
1251,仿,64767,511241355
1252,途,64567,511305922
1253,狗,64546,511370468
1254,骑,64438,511434906
1255,昨,64365,511499271
1256,暴,64277,511563548
1257,乌,64174,511627722
1258,瞪,63837,511691559
1259,亡,63803,511755362
1260,固,63773,511819135
1261,诚,63770,511882905
1262,盟,63660,511946565
1263,滚,63648,512010213
1264,咬,63550,512073763
1265,吻,63314,512137077
1266,融,63169,512200246
1267,岛,63168,512263414
1268,博,63063,512326477
1269,吟,62983,512389460
1270,宽,62751,512452211
1271,措,62645,512514856
1272,乘,62643,512577499
1273,弃,62484,512639983
1274,卷,62423,512702406
1275,珍,62394,512764800
1276,怔,62332,512827132
1277,累,62285,512889417
1278,袋,61903,512951320
1279,乔,61897,513013217
1280,聚,61894,513075111
1281,票,61891,513137002
1282,稍,61818,513198820
1283,惨,61621,513260441
1284,丰,61599,513322040
1285,犹,61440,513383480
1286,烧,61438,513444918
1287,录,61267,513506185
1288,岸,61163,513567348
1289,塔,61156,513628504
1290,嘛,61152,513689656
1291,幽,61086,513750742
1292,择,60959,513811701
1293,悄,60753,513872454
1294,遭,60743,513933197
1295,俄,60740,513993937
1296,洗,60682,514054619
1297,缘,60668,514115287
1298,踪,60638,514175925
1299,皆,60606,514236531
1300,羽,60519,514297050
1301,佳,60448,514357498
1302,闲,60290,514417788
1303,凭,60264,514478052
1304,辛,60174,514538226
1305,郭,60110,514598336
1306,触,60047,514658383
1307,貌,59957,514718340
1308,昏,59954,514778294
1309,督,59933,514838227
1310,佩,59879,514898106
1311,奖,59582,514957688
1312,纯,59299,515016987
1313,阻,59035,515076022
1314,扎,59027,515135049
1315,径,58935,515193984
1316,振,58890,515252874
1317,奉,58286,515311160
1318,伴,58282,515369442
1319,餐,58229,515427671
1320,芳,58216,515485887
1321,尺,58185,515544072
1322,竞,58141,515602213
1323,韦,58115,515660328
1324,扩,58069,515718397
1325,邓,57952,515776349
1326,瓦,57914,515834263
1327,川,57895,515892158
1328,萨,57864,515950022
1329,躲,57712,516007734
1330,皱,57710,516065444
1331,抵,57699,516123143
1332,核,57623,516180766
1333,隔,57555,516238321
1334,撞,57512,516295833
1335,尘,57488,516353321
1336,拔,57403,516410724
1337,瑞,57392,516468116
1338,泰,57285,516525401
1339,谋,57276,516582677
1340,予,57061,516639738
1341,欣,57020,516696758
1342,宜,56955,516753713
1343,幕,56851,516810564
1344,鼻,56649,516867213
1345,括,56608,516923821
1346,甘,56605,516980426
1347,堡,56483,517036909
1348,仰,56241,517093150
1349,怨,56131,517149281
1350,损,56071,517205352
1351,码,56036,517261388
1352,尸,55999,517317387
1353,仁,55673,517373060
1354,灰,55661,517428721
1355,吐,55560,517484281
1356,赏,55525,517539806
1357,吹,55463,517595269
1358,扫,55367,517650636
1359,湾,55323,517705959
1360,阁,55220,517761179
1361,符,55198,517816377
1362,垂,55193,517871570
1363,忠,55182,517926752
1364,抖,55177,517981929
1365,忧,55126,518037055
1366,坦,55047,518092102
1367,唱,55041,518147143
1368,贴,55027,518202170
1369,延,54990,518257160
1370,壮,54952,518312112
1371,梁,54823,518366935
1372,郑,54771,518421706
1373,析,54676,518476382
1374,碎,54499,518530881
1375,挺,54370,518585251
1376,僧,54351,518639602
1377,荡,54324,518693926
1378,箭,54300,518748226
1379,俱,54254,518802480
1380,灭,54231,518856711
1381,旋,53934,518910645
1382,苍,53899,518964544
1383,傲,53847,519018391
1384,爵,53778,519072169
1385,彼,53721,519125890
1386,戴,53584,519179474
1387,净,53452,519232926
1388,距,53418,519286344
1389,贯,53355,519339699
1390,腾,53313,519393012
1391,缩,53228,519446240
1392,吕,53168,519499408
1393,呵,53164,519552572
1394,匆,52951,519605523
1395,灾,52914,519658437
1396,汗,52728,519711165
1397,拒,52652,519763817
1398,侯,52607,519816424
1399,陵,52579,519869003
1400,季,52514,519921517
1401,糊,52499,519974016
1402,典,52471,520026487
1403,袭,52438,520078925
1404,敏,52403,520131328
1405,召,52290,520183618
1406,丢,52276,520235894
1407,猜,52168,520288062
1408,颤,52131,520340193
1409,授,52009,520392202
1410,插,51982,520444184
1411,凉,51971,520496155
1412,泛,51828,520547983
1413,穷,51792,520599775
1414,莲,51783,520651558
1415,疯,51758,520703316
1416,圈,51442,520754758
1417,享,51410,520806168
1418,粮,51349,520857517
1419,祝,51316,520908833
1420,绕,51293,520960126
1421,颗,51233,521011359
1422,赤,51207,521062566
1423,蒂,51038,521113604
1424,旗,50907,521164511
1425,粗,50896,521215407
1426,奈,50883,521266290
1427,匹,50870,521317160
1428,骗,50777,521367937
1429,彻,50758,521418695
1430,莱,50455,521469150
1431,嫁,50404,521519554
1432,臣,50361,521569915
1433,醉,50349,521620264
1434,蛋,50144,521670408
1435,桥,49993,521720401
1436,凯,49973,521770374
1437,掩,49827,521820201
1438,拼,49533,521869734
1439,惯,49524,521919258
1440,蛇,49415,521968673
1441,篇,49322,522017995
1442,曼,49319,522067314
1443,愤,49268,522116582
1444,锋,49196,522165778
1445,抚,49049,522214827
1446,沿,49038,522263865
1447,启,49036,522312901
1448,哦,48882,522361783
1449,朵,48820,522410603
1450,霍,48702,522459305
1451,冬,48692,522507997
1452,荒,48666,522556663
1453,枝,48541,522605204
1454,侍,48457,522653661
1455,恋,48357,522702018
1456,伍,48344,522750362
1457,赫,48269,522798631
1458,陷,48251,522846882
1459,睁,48222,522895104
1460,桑,48219,522943323
1461,耐,48214,522991537
1462,仪,48160,523039697
1463,镜,48143,523087840
1464,慧,48109,523135949
1465,忆,47801,523183750
1466,申,47767,523231517
1467,黎,47751,523279268
1468,衫,47741,523327009
1469,鸟,47717,523374726
1470,斜,47688,523422414
1471,慌,47548,523469962
1472,浓,47514,523517476
1473,违,47474,523564950
1474,堆,47456,523612406
1475,辞,47422,523659828
1476,嘿,47336,523707164
1477,鹰,47280,523754444
1478,页,47264,523801708
1479,麦,47244,523848952
1480,椅,47159,523896111
1481,袖,47126,523943237
1482,航,47070,523990307
1483,亏,47053,524037360
1484,掠,47016,524084376
1485,粉,46945,524131321
1486,钢,46908,524178229
1487,悉,46863,524225092
1488,恢,46832,524271924
1489,薄,46826,524318750
1490,涌,46485,524365235
1491,艾,46450,524411685
1492,潜,46363,524458048
1493,眸,46326,524504374
1494,逸,46271,524550645
1495,暂,46268,524596913
1496,踏,46180,524643093
1497,洁,46151,524689244
1498,惑,46080,524735324
1499,盯,46073,524781397
1500,刊,46066,524827463
1501,购,45968,524873431
1502,颇,45734,524919165
1503,傅,45724,524964889
1504,潮,45710,525010599
1505,截,45690,525056289
1506,浩,45583,525101872
1507,玛,45570,525147442
1508,倾,45538,525192980
1509,挡,45521,525238501
1510,载,45479,525283980
1511,帐,45461,525329441
1512,课,45417,525374858
1513,鸡,45334,525420192
1514,吼,45226,525465418
1515,琴,45222,525510640
1516,躺,45204,525555844
1517,拖,44995,525600839
1518,锦,44938,525645777
1519,晃,44914,525690691
1520,浮,44834,525735525
1521,欺,44725,525780250
1522,唤,44696,525824946
1523,聪,44685,525869631
1524,莉,44683,525914314
1525,签,44671,525958985
1526,殿,44665,526003650
1527,埃,44656,526048306
1528,染,44531,526092837
1529,仔,44517,526137354
1530,裂,44440,526181794
1531,绪,44341,526226135
1532,翼,44201,526270336
1533,幻,44156,526314492
1534,驻,43990,526358482
1535,悔,43869,526402351
1536,描,43860,526446211
1537,键,43772,526489983
1538,池,43748,526533731
1539,妮,43742,526577473
1540,售,43646,526621119
1541,疼,43624,526664743
1542,翠,43528,526708271
1543,哀,43512,526751783
1544,澳,43495,526795278
1545,鹏,43473,526838751
1546,狼,43404,526882155
1547,赌,43361,526925516
1548,摩,43350,526968866
1549,屈,43260,527012126
1550,勾,43189,527055315
1551,霞,43175,527098490
1552,幅,43175,527141665
1553,愁,43120,527184785
1554,宾,43033,527227818
1555,厌,42972,527270790
1556,旦,42945,527313735
1557,毁,42839,527356574
1558,寺,42828,527399402
1559,障,42774,527442176
1560,忌,42760,527484936
1561,奴,42656,527527592
1562,晨,42619,527570211
1563,埋,42595,527612806
1564,羞,42517,527655323
1565,汤,42504,527697827
1566,尾,42464,527740291
1567,董,42424,527782715
1568,末,42167,527824882
1569,询,42146,527867028
1570,卓,42146,527909174
1571,喃,42098,527951272
1572,汽,42096,527993368
1573,迪,42065,528035433
1574,允,42065,528077498
1575,递,42054,528119552
1576,慰,42052,528161604
1577,锁,41931,528203535
1578,剩,41844,528245379
1579,繁,41829,528287208
1580,筑,41730,528328938
1581,劝,41723,528370661
1582,饮,41687,528412348
1583,姆,41563,528453911
1584,冠,41533,528495444
1585,雾,41489,528536933
1586,岗,41434,528578367
1587,闷,41433,528619800
1588,俗,41414,528661214
1589,戒,41412,528702626
1590,渡,41390,528744016
1591,汇,41385,528785401
1592,瘦,41361,528826762
1593,缠,41328,528868090
1594,隆,41229,528909319
1595,辉,41197,528950516
1596,漫,41107,528991623
1597,赖,41094,529032717
1598,痴,41028,529073745
1599,俩,41024,529114769
1600,滑,40968,529155737
1601,漠,40907,529196644
1602,摄,40907,529237551
1603,丧,40795,529278346
1604,牢,40789,529319135
1605,娃,40780,529359915
1606,扯,40739,529400654
1607,惧,40704,529441358
1608,霸,40674,529482032
1609,宏,40652,529522684
1610,肃,40614,529563298
1611,霜,40574,529603872
1612,唉,40534,529644406
1613,跌,40326,529684732
1614,焦,40306,529725038
1615,跨,40188,529765226
1616,疗,39987,529805213
1617,播,39981,529845194
1618,葛,39875,529885069
1619,甜,39874,529924943
1620,寂,39852,529964795
1621,恰,39840,530004635
1622,甲,39825,530044460
1623,傻,39792,530084252
1624,卢,39791,530124043
1625,浑,39690,530163733
1626,祥,39660,530203393
1627,兼,39644,530243037
1628,恭,39625,530282662
1629,邦,39598,530322260
1630,姿,39568,530361828
1631,恼,39538,530401366
1632,肚,39361,530440727
1633,盈,39343,530480070
1634,廷,39320,530519390
1635,盗,39241,530558631
1636,鸣,39234,530597865
1637,涉,39228,530637093
1638,磨,39206,530676299
1639,芒,39128,530715427
1640,涛,39044,530754471
1641,柏,39038,530793509
1642,劫,38946,530832455
1643,捉,38944,530871399
1644,勤,38806,530910205
1645,津,38789,530948994
1646,订,38759,530987753
1647,返,38722,531026475
1648,泥,38721,531065196
1649,仆,38717,531103913
1650,废,38678,531142591
1651,乖,38549,531181140
1652,泉,38524,531219664
1653,艳,38474,531258138
1654,暖,38388,531296526
1655,溜,38328,531334854
1656,挣,38300,531373154
1657,琳,38203,531411357
1658,漂,38180,531449537
1659,悦,38128,531487665
1660,啸,38095,531525760
1661,曹,38054,531563814
1662,爬,38036,531601850
1663,狐,38017,531639867
1664,贺,37993,531677860
1665,倍,37992,531715852
1666,惹,37942,531753794
1667,扭,37840,531791634
1668,弯,37770,531829404
1669,箱,37745,531867149
1670,羊,37658,531904807
1671,牵,37652,531942459
1672,抹,37633,531980092
1673,丫,37595,532017687
1674,刑,37434,532055121
1675,讶,37319,532092440
1676,尝,37296,532129736
1677,辆,37273,532167009
1678,驾,37135,532204144
1679,慈,37127,532241271
1680,邀,37118,532278389
1681,寇,37071,532315460
1682,遥,37058,532352518
1683,零,37014,532389532
1684,扰,36954,532426486
1685,污,36891,532463377
1686,舌,36654,532500031
1687,碧,36650,532536681
1688,拾,36616,532573297
1689,菲,36585,532609882
1690,殊,36551,532646433
1691,玲,36538,532682971
1692,吞,36536,532719507
1693,绩,36438,532755945
1694,搜,36365,532792310
1695,脉,36349,532828659
1696,穆,36349,532865008
1697,庞,36339,532901347
1698,躯,36316,532937663
1699,荷,36211,532973874
1700,虹,36202,533010076
1701,墨,36145,533046221
1702,刹,36120,533082341
1703,崖,36077,533118418
1704,丑,36064,533154482
1705,井,36046,533190528
1706,亭,35934,533226462
1707,腹,35852,533262314
1708,鞭,35804,533298118
1709,扮,35778,533333896
1710,誉,35761,533369657
1711,悟,35679,533405336
1712,煞,35596,533440932
1713,蝶,35551,533476483
1714,堪,35538,533512021
1715,劈,35536,533547557
1716,镖,35536,533583093
1717,爆,35534,533618627
1718,捕,35511,533654138
1719,辰,35485,533689623
1720,喂,35481,533725104
1721,署,35478,533760582
1722,袍,35437,533796019
1723,扣,35372,533831391
1724,援,35358,533866749
1725,昌,35173,533901922
1726,贤,35147,533937069
1727,宿,35038,533972107
1728,铺,34906,534007013
1729,牧,34852,534041865
1730,综,34845,534076710
1731,瞬,34816,534111526
1732,毅,34810,534146336
1733,耶,34804,534181140
1734,嗯,34710,534215850
1735,艰,34600,534250450
1736,拦,34598,534285048
1737,熊,34567,534319615
1738,植,34555,534354170
1739,聊,34540,534388710
1740,寸,34514,534423224
1741,饰,34446,534457670
1742,搭,34386,534492056
1743,扇,34347,534526403
1744,践,34321,534560724
1745,嘉,34214,534594938
1746,柄,34140,534629078
1747,坡,34100,534663178
1748,陶,34029,534697207
1749,轩,33983,534731190
1750,湘,33942,534765132
1751,详,33911,534799043
1752,轰,33910,534832953
1753,痕,33870,534866823
1754,喘,33769,534900592
1755,裁,33752,534934344
1756,耸,33631,534967975
1757,侵,33424,535001399
1758,御,33306,535034705
1759,闯,33245,535067950
1760,倏,33186,535101136
1761,敲,33125,535134261
1762,庙,33056,535167317
1763,夹,33045,535200362
1764,祸,33024,535233386
1765,罚,32973,535266359
1766,挤,32964,535299323
1767,棋,32907,535332230
1768,贡,32836,535365066
1769,偶,32784,535397850
1770,眨,32769,535430619
1771,患,32751,535463370
1772,撒,32730,535496100
1773,枫,32594,535528694
1774,欠,32558,535561252
1775,惠,32546,535593798
1776,频,32487,535626285
1777,蓉,32483,535658768
1778,储,32457,535691225
1779,函,32359,535723584
1780,辑,32327,535755911
1781,筹,32323,535788234
1782,吾,32274,535820508
1783,刃,32252,535852760
1784,滴,32217,535884977
1785,桃,32215,535917192
1786,遂,32209,535949401
1787,拨,32207,535981608
1788,弗,32203,536013811
1789,债,32194,536046005
1790,勉,32171,536078176
1791,衡,32148,536110324
1792,忖,32130,536142454
1793,颊,32015,536174469
1794,辱,31949,536206418
1795,锐,31947,536238365
1796,晶,31864,536270229
1797,卧,31787,536302016
1798,姬,31784,536333800
1799,铃,31740,536365540
1800,狄,31708,536397248
1801,勃,31682,536428930
1802,铜,31660,536460590
1803,迈,31611,536492201
1804,瓶,31551,536523752
1805,薛,31508,536555260
1806,涂,31478,536586738
1807,茫,31426,536618164
1808,炸,31420,536649584
1809,烂,31394,536680978
1810,岩,31371,536712349
1811,燃,31360,536743709
1812,钻,31280,536774989
1813,琪,31265,536806254
1814,狱,31191,536837445
1815,骇,31134,536868579
1816,擦,31060,536899639
1817,斤,31056,536930695
1818,贷,31053,536961748
1819,币,31001,536992749
1820,袁,30995,537023744
1821,昆,30973,537054717
1822,仗,30961,537085678
1823,冯,30952,537116630
1824,邻,30909,537147539
1825,谅,30880,537178419
1826,丛,30830,537209249
1827,齿,30829,537240078
1828,媚,30792,537270870
1829,嘻,30791,537301661
1830,贾,30768,537332429
1831,搬,30699,537363128
1832,龄,30679,537393807
1833,纤,30670,537424477
1834,寿,30658,537455135
1835,奏,30630,537485765
1836,跪,30593,537516358
1837,咐,30576,537546934
1838,阔,30567,537577501
1839,驰,30567,537608068
1840,莎,30551,537638619
1841,励,30548,537669167
1842,拓,30478,537699645
1843,娶,30438,537730083
1844,晴,30406,537760489
1845,悠,30401,537790890
1846,梯,30365,537821255
1847,卿,30360,537851615
1848,浅,30248,537881863
1849,赴,30215,537912078
1850,脆,30212,537942290
1851,碗,30125,537972415
1852,覆,30069,538002484
1853,哩,29886,538032370
1854,趁,29885,538062255
1855,夕,29840,538092095
1856,幼,29834,538121929
1857,昂,29793,538151722
1858,翎,29734,538181456
1859,歉,29722,538211178
1860,湿,29699,538240877
1861,麟,29657,538270534
1862,孝,29632,538300166
1863,矣,29544,538329710
1864,愧,29529,538359239
1865,炼,29475,538388714
1866,雁,29469,538418183
1867,戈,29457,538447640
1868,寄,29357,538476997
1869,宅,29338,538506335
1870,坛,29297,538535632
1871,胖,29290,538564922
1872,乾,29272,538594194
1873,估,29221,538623415
1874,矛,29196,538652611
1875,殷,29193,538681804
1876,罩,29186,538710990
1877,雕,29165,538740155
1878,盾,29090,538769245
1879,凄,29070,538798315
1880,兽,28989,538827304
1881,肥,28983,538856287
1882,鹤,28947,538885234
1883,鞋,28926,538914160
1884,寨,28919,538943079
1885,薇,28906,538971985
1886,撤,28876,539000861
1887,俞,28865,539029726
1888,碍,28734,539058460
1889,翔,28722,539087182
1890,耀,28618,539115800
1891,腕,28608,539144408
1892,酸,28604,539173012
1893,愣,28594,539201606
1894,割,28505,539230111
1895,抛,28487,539258598
1896,趋,28481,539287079
1897,脏,28466,539315545
1898,嫌,28446,539343991
1899,胁,28433,539372424
1900,誓,28333,539400757
1901,尹,28293,539429050
1902,舟,28252,539457302
1903,歇,28242,539485544
1904,柱,28198,539513742
1905,麽,28146,539541888
1906,桂,28133,539570021
1907,媒,28104,539598125
1908,捷,28035,539626160
1909,糟,28021,539654181
1910,虫,27990,539682171
1911,斩,27940,539710111
1912,乏,27933,539738044
1913,喷,27905,539765949
1914,披,27902,539793851
1915,嫂,27896,539821747
1916,崔,27886,539849633
1917,宛,27842,539877475
1918,洒,27783,539905258
1919,婉,27650,539932908
1920,柜,27617,539960525
1921,崇,27610,539988135
1922,腐,27595,540015730
1923,禅,27589,540043319
1924,臭,27582,540070901
1925,戚,27519,540098420
1926,甫,27400,540125820
1927,诱,27389,540153209
1928,魏,27288,540180497
1929,愕,27250,540207747
1930,览,27201,540234948
1931,泄,27165,540262113
1932,萍,27131,540289244
1933,瑶,27111,540316355
1934,弥,27076,540343431
1935,摘,27036,540370467
1936,咽,27016,540397483
1937,屠,26986,540424469
1938,杖,26964,540451433
1939,赢,26954,540478387
1940,逢,26892,540505279
1941,矮,26858,540532137
1942,瓜,26852,540558989
1943,郁,26817,540585806
1944,饶,26805,540612611
1945,帽,26730,540639341
1946,焰,26663,540666004
1947,摔,26661,540692665
1948,尉,26644,540719309
1949,纠,26632,540745941
1950,妨,26601,540772542
1951,润,26590,540799132
1952,颈,26588,540825720
1953,亩,26585,540852305
1954,盼,26517,540878822
1955,挨,26502,540905324
1956,琼,26493,540931817
1957,哑,26487,540958304
1958,喉,26445,540984749
1959,芙,26444,541011193
1960,巡,26438,541037631
1961,姜,26391,541064022
1962,昔,26368,541090390
1963,厨,26336,541116726
1964,豆,26311,541143037
1965,踢,26292,541169329
1966,吵,26205,541195534
1967,廉,26185,541221719
1968,妥,26177,541247896
1969,酷,26161,541274057
1970,畏,26154,541300211
1971,疏,26139,541326350
1972,丐,26064,541352414
1973,肤,26006,541378420
1974,筋,26000,541404420
1975,循,25997,541430417
1976,棉,25980,541456397
1977,爪,25972,541482369
1978,缝,25902,541508271
1979,辩,25871,541534142
1980,姨,25799,541559941
1981,帕,25797,541585738
1982,译,25781,541611519
1983,矿,25728,541637247
1984,吩,25662,541662909
1985,悬,25661,541688570
1986,猪,25645,541714215
1987,疲,25638,541739853
1988,丘,25587,541765440
1989,懒,25546,541790986
1990,邮,25542,541816528
1991,捧,25449,541841977
1992,帅,25433,541867410
1993,偿,25400,541892810
1994,撑,25369,541918179
1995,膀,25353,541943532
1996,猫,25304,541968836
1997,靖,25299,541994135
1998,奸,25299,542019434
1999,巾,25274,542044708
2000,饿,25273,542069981
2001,削,25259,542095240
2002,辣,25246,542120486
2003,愉,25189,542145675
2004,吁,25141,542170816
2005,矩,25076,542195892
2006,苗,25053,542220945
2007,笼,25009,542245954
2008,晌,24999,542270953
2009,纱,24979,542295932
2010,翁,24975,542320907
2011,卜,24968,542345875
2012,慎,24940,542370815
2013,屏,24938,542395753
2014,彭,24930,542420683
2015,惟,24900,542445583
2016,饱,24882,542470465
2017,谦,24867,542495332
2018,揭,24854,542520186
2019,鸿,24803,542544989
2020,笨,24761,542569750
2021,岭,24756,542594506
2022,瞒,24642,542619148
2023,牲,24619,542643767
2024,绵,24608,542668375
2025,愚,24603,542692978
2026,谭,24457,542717435
2027,汪,24420,542741855
2028,僵,24416,542766271
2029,枚,24395,542790666
2030,拂,24369,542815035
2031,聂,24358,542839393
2032,宴,24329,542863722
2033,骤,24314,542888036
2034,稀,24255,542912291
2035,绳,24213,542936504
2036,贪,24212,542960716
2037,迁,24185,542984901
2038,擒,24096,543008997
2039,渊,24081,543033078
2040,猎,24069,543057147
2041,嚷,24068,543081215
2042,砍,24047,543105262
2043,滋,23904,543129166
2044,驶,23904,543153070
2045,裴,23889,543176959
2046,呈,23880,543200839
2047,添,23870,543224709
2048,拟,23849,543248558
2049,遵,23841,543272399
2050,柯,23668,543296067
2051,蓦,23650,543319717
2052,轿,23646,543343363
2053,晕,23590,543366953
2054,旨,23569,543390522
2055,溪,23547,543414069
2056,抑,23503,543437572
2057,蜜,23382,543460954
2058,墓,23351,543484305
2059,租,23312,543507617
2060,脾,23307,543530924
2061,链,23275,543554199
2062,贞,23178,543577377
2063,魄,23158,543600535
2064,陡,23147,543623682
2065,驱,23128,543646810
2066,兆,23124,543669934
2067,役,23111,543693045
2068,涵,23087,543716132
2069,瞥,23087,543739219
2070,氛,23052,543762271
2071,肌,23040,543785311
2072,吨,23015,543808326
2073,窝,22991,543831317
2074,珊,22986,543854303
2075,蓬,22984,543877287
2076,渴,22952,543900239
2077,豫,22934,543923173
2078,肠,22934,543946107
2079,催,22908,543969015
2080,裤,22840,543991855
2081,档,22798,544014653
2082,昭,22785,544037438
2083,疆,22781,544060219
2084,膝,22770,544082989
2085,凑,22730,544105719
2086,鉴,22706,544128425
2087,胞,22695,544151120
2088,吊,22689,544173809
2089,璃,22678,544196487
2090,妄,22677,544219164
2091,挖,22674,544241838
2092,晋,22672,544264510
2093,畅,22651,544287161
2094,叉,22594,544309755
2095,伐,22560,544332315
2096,弓,22484,544354799
2097,漏,22430,544377229
2098,廊,22287,544399516
2099,炉,22245,544421761
2100,钦,22204,544443965
2101,炎,22124,544466089
2102,炮,22078,544488167
2103,芝,22027,544510194
2104,谨,22002,544532196
2105,拐,22001,544554197
2106,豹,21975,544576172
2107,谊,21974,544598146
2108,册,21917,544620063
2109,璇,21702,544641765
2110,妃,21676,544663441
2111,哇,21658,544685099
2112,沾,21638,544706737
2113,潘,21631,544728368
2114,赐,21617,544749985
2115,焉,21576,544771561
2116,卑,21564,544793125
2117,峡,21538,544814663
2118,敦,21502,544836165
2119,婢,21465,544857630
2120,诡,21462,544879092
2121,咳,21420,544900512
2122,枯,21408,544921920
2123,辽,21408,544943328
2124,籍,21357,544964685
2125,遮,21337,544986022
2126,纽,21324,545007346
2127,嘲,21304,545028650
2128,泣,21303,545049953
2129,拆,21242,545071195
2130,搂,21210,545092405
2131,捐,21181,545113586
2132,盒,21170,545134756
2133,摊,21099,545155855
2134,叱,21000,545176855
2135,逝,20953,545197808
2136,黛,20862,545218670
2137,挽,20861,545239531
2138,叛,20858,545260389
2139,耻,20824,545281213
2140,陌,20818,545302031
2141,搏,20810,545322841
2142,後,20781,545343622
2143,冤,20756,545364378
2144,叙,20740,545385118
2145,逆,20719,545405837
2146,耿,20664,545426501
2147,莹,20659,545447160
2148,柴,20645,545467805
2149,耗,20639,545488444
2150,玫,20600,545509044
2151,棒,20585,545529629
2152,辨,20494,545550123
2153,逻,20435,545570558
2154,沃,20417,545590975
2155,恍,20414,545611389
2156,窜,20404,545631793
2157,怖,20371,545652164
2158,魅,20285,545672449
2159,蔡,20276,545692725
2160,刷,20226,545712951
2161,址,20208,545733159
2162,煤,20198,545753357
2163,沟,20196,545773553
2164,衷,20186,545793739
2165,芬,20164,545813903
2166,逗,20155,545834058
2167,劣,20133,545854191
2168,岚,20128,545874319
2169,恒,20128,545894447
2170,拱,20126,545914573
2171,栏,20106,545934679
2172,陀,20088,545954767
2173,哲,20085,545974852
2174,屁,20082,545994934
2175,惶,20072,546015006
2176,裙,20070,546035076
2177,券,20061,546055137
2178,阅,20056,546075193
2179,葬,20035,546095228
2180,夸,20020,546115248
2181,爽,19987,546135235
2182,纹,19974,546155209
2183,脖,19965,546175174
2184,鼠,19953,546195127
2185,伪,19921,546215048
2186,阎,19897,546234945
2187,赠,19871,546254816
2188,押,19870,546274686
2189,倚,19858,546294544
2190,捏,19786,546314330
2191,蓄,19774,546334104
2192,趟,19751,546353855
2193,倘,19582,546373437
2194,哎,19580,546393017
2195,渔,19560,546412577
2196,甩,19556,546432133
2197,俯,19539,546451672
2198,斥,19461,546471133
2199,舅,19459,546490592
2200,蛮,19453,546510045
2201,赔,19408,546529453
2202,粒,19395,546548848
2203,淑,19349,546568197
2204,涨,19326,546587523
2205,剪,19313,546606836
2206,骄,19312,546626148
2207,灌,19308,546645456
2208,帘,19234,546664690
2209,侄,19191,546683881
2210,骆,19172,546703053
2211,坠,19165,546722218
2212,腔,19163,546741381
2213,诧,19144,546760525
2214,顽,19087,546779612
2215,耕,18989,546798601
2216,仓,18970,546817571
2217,谎,18925,546836496
2218,囊,18910,546855406
2219,贱,18895,546874301
2220,遣,18856,546893157
2221,宠,18770,546911927
2222,秒,18754,546930681
2223,慨,18745,546949426
2224,浴,18728,546968154
2225,肖,18728,546986882
2226,儒,18715,547005597
2227,烛,18711,547024308
2228,俏,18698,547043006
2229,稿,18671,547061677
2230,棍,18670,547080347
2231,辜,18624,547098971
2232,钩,18579,547117550
2233,履,18527,547136077
2234,瑟,18525,547154602
2235,液,18418,547173020
2236,凛,18378,547191398
2237,绣,18361,547209759
2238,邵,18297,547228056
2239,攀,18287,547246343
2240,咖,18276,547264619
2241,盆,18233,547282852
2242,咒,18202,547301054
2243,蕾,18182,547319236
2244,芷,18162,547337398
2245,咕,18147,547355545
2246,嗓,18138,547373683
2247,啡,18131,547391814
2248,钉,18125,547409939
2249,淫,18106,547428045
2250,蠢,18097,547446142
2251,桐,18062,547464204
2252,玻,18057,547482261
2253,绘,18001,547500262
2254,宰,17986,547518248
2255,朽,17950,547536198
2256,魁,17937,547554135
2257,姻,17930,547572065
2258,旺,17831,547589896
2259,嫩,17773,547607669
2260,巫,17720,547625389
2261,恕,17692,547643081
2262,郝,17670,547660751
2263,宪,17620,547678371
2264,寡,17611,547695982
2265,韵,17602,547713584
2266,祭,17594,547731178
2267,绑,17562,547748740
2268,扔,17526,547766266
2269,裕,17513,547783779
2270,牺,17498,547801277
2271,菊,17493,547818770
2272,淋,17481,547836251
2273,荆,17445,547853696
2274,鼎,17409,547871105
2275,裹,17374,547888479
2276,嫣,17332,547905811
2277,栽,17323,547923134
2278,畜,17312,547940446
2279,朴,17287,547957733
2280,歹,17286,547975019
2281,尧,17270,547992289
2282,峻,17213,548009502
2283,枕,17164,548026666
2284,狮,17120,548043786
2285,郡,17118,548060904
2286,厢,17089,548077993
2287,倦,17081,548095074
2288,衬,17072,548112146
2289,契,17052,548129198
2290,怯,17015,548146213
2291,瑰,17014,548163227
2292,掀,16972,548180199
2293,漆,16951,548197150
2294,症,16944,548214094
2295,泼,16940,548231034
2296,眠,16911,548247945
2297,罕,16910,548264855
2298,拚,16880,548281735
2299,瞎,16853,548298588
2300,妾,16844,548315432
2301,姥,16785,548332217
2302,竭,16779,548348996
2303,冥,16772,548365768
2304,翰,16770,548382538
2305,绮,16747,548399285
2306,睹,16743,548416028
2307,叮,16717,548432745
2308,霄,16708,548449453
2309,躬,16687,548466140
2310,兹,16671,548482811
2311,澄,16657,548499468
2312,裳,16653,548516121
2313,泡,16604,548532725
2314,兮,16557,548549282
2315,耍,16550,548565832
2316,轨,16516,548582348
2317,茅,16506,548598854
2318,堤,16498,548615352
2319,篮,16414,548631766
2320,弦,16412,548648178
2321,舱,16387,548664565
2322,寞,16382,548680947
2323,呜,16382,548697329
2324,歪,16378,548713707
2325,祈,16369,548730076
2326,乞,16331,548746407
2327,巷,16322,548762729
2328,械,16278,548779007
2329,倩,16265,548795272
2330,惩,16234,548811506
2331,揉,16231,548827737
2332,赋,16156,548843893
2333,颖,16051,548859944
2334,掏,16021,548875965
2335,膛,16017,548891982
2336,藤,16016,548907998
2337,砰,15981,548923979
2338,诊,15981,548939960
2339,叟,15970,548955930
2340,浙,15947,548971877
2341,乍,15920,548987797
2342,窃,15912,549003709
2343,姚,15905,549019614
2344,杆,15881,549035495
2345,阮,15876,549051371
2346,馨,15851,549067222
2347,淮,15848,549083070
2348,翩,15840,549098910
2349,哄,15785,549114695
2350,帆,15772,549130467
2351,丸,15714,549146181
2352,壶,15711,549161892
2353,棺,15655,549177547
2354,讽,15643,549193190
2355,塑,15641,549208831
2356,撕,15635,549224466
2357,叠,15628,549240094
2358,栈,15570,549255664
2359,鹿,15565,549271229
2360,憾,15562,549286791
2361,逊,15524,549302315
2362,蜂,15507,549317822
2363,佑,15505,549333327
2364,赚,15483,549348810
2365,乳,15480,549364290
2366,衰,15466,549379756
2367,煌,15446,549395202
2368,桩,15428,549410630
2369,斑,15407,549426037
2370,盲,15391,549441428
2371,嘶,15376,549456804
2372,禀,15369,549472173
2373,蒲,15347,549487520
2374,诞,15279,549502799
2375,旬,15257,549518056
2376,鲍,15255,549533311
2377,沧,15231,549548542
2378,挪,15213,549563755
2379,杏,15180,549578935
2380,驼,15169,549594104
2381,喔,15162,549609266
2382,裸,15140,549624406
2383,株,15103,549639509
2384,妆,15084,549654593
2385,妒,15083,549669676
2386,框,15057,549684733
2387,锅,15046,549699779
2388,竖,15021,549714800
2389,琦,15013,549729813
2390,躁,14998,549744811
2391,棵,14971,549759782
2392,滨,14952,549774734
2393,辟,14935,549789669
2394,雀,14917,549804586
2395,填,14907,549819493
2396,搁,14890,549834383
2397,屑,14866,549849249
2398,邱,14834,549864083
2399,筒,14833,549878916
2400,冻,14815,549893731
2401,霎,14803,549908534
2402,婷,14772,549923306
2403,灿,14770,549938076
2404,串,14762,549952838
2405,碑,14748,549967586
2406,泊,14731,549982317
2407,胎,14712,549997029
2408,畔,14684,550011713
2409,骚,14683,550026396
2410,厮,14665,550041061
2411,婴,14639,550055700
2412,携,14625,550070325
2413,坤,14560,550084885
2414,聘,14552,550099437
2415,锡,14536,550113973
2416,鄙,14511,550128484
2417,掷,14504,550142988
2418,敖,14480,550157468
2419,堵,14452,550171920
2420,黯,14451,550186371
2421,茵,14427,550200798
2422,夷,14406,550215204
2423,辅,14394,550229598
2424,斐,14383,550243981
2425,铭,14379,550258360
2426,剥,14308,550272668
2427,旭,14282,550286950
2428,抄,14282,550301232
2429,谱,14224,550315456
2430,账,14214,550329670
2431,杭,14201,550343871
2432,擅,14190,550358061
2433,嬷,14190,550372251
2434,仑,14177,550386428
2435,隙,14168,550400596
2436,芸,14168,550414764
2437,盏,14138,550428902
2438,肆,14134,550443036
2439,蹄,14128,550457164
2440,咦,14117,550471281
2441,挟,14109,550485390
2442,绽,14062,550499452
2443,棠,14057,550513509
2444,秩,14054,550527563
2445,乙,14046,550541609
2446,滩,14040,550555649
2447,桶,14039,550569688
2448,秃,14039,550583727
2449,嘱,14008,550597735
2450,藉,14006,550611741
2451,涩,14003,550625744
2452,孕,13992,550639736
2453,蒋,13982,550653718
2454,娟,13960,550667678
2455,渠,13954,550681632
2456,孽,13951,550695583
2457,暇,13935,550709518
2458,菱,13917,550723435
2459,梳,13899,550737334
2460,蹲,13889,550751223
2461,恳,13885,550765108
2462,撇,13866,550778974
2463,敛,13862,550792836
2464,苹,13858,550806694
2465,泳,13841,550820535
2466,寓,13836,550834371
2467,诈,13791,550848162
2468,冈,13780,550861942
2469,瞄,13751,550875693
2470,郊,13748,550889441
2471,彤,13741,550903182
2472,晰,13738,550916920
2473,篷,13665,550930585
2474,挫,13638,550944223
2475,葡,13620,550957843
2476,庸,13596,550971439
2477,崩,13585,550985024
2478,囚,13561,550998585
2479,啥,13561,551012146
2480,汝,13542,551025688
2481,猿,13517,551039205
2482,磊,13463,551052668
2483,敝,13459,551066127
2484,佐,13453,551079580
2485,瑜,13432,551093012
2486,艘,13431,551106443
2487,颠,13366,551119809
2488,媳,13360,551133169
2489,脊,13336,551146505
2490,肿,13325,551159830
2491,哟,13303,551173133
2492,彦,13294,551186427
2493,溢,13274,551199701
2494,枉,13268,551212969
2495,徽,13243,551226212
2496,坟,13222,551239434
2497,斌,13200,551252634
2498,芦,13171,551265805
2499,肢,13139,551278944
2500,栋,13131,551292075
2501,拘,13126,551305201
2502,忿,13102,551318303
2503,猴,13069,551331372
2504,涯,13066,551344438
2505,砸,13060,551357498
2506,潭,13037,551370535
2507,哗,13036,551383571
2508,敞,13019,551396590
2509,厦,13004,551409594
2510,掘,12996,551422590
2511,茂,12941,551435531
2512,樱,12918,551448449
2513,侮,12910,551461359
2514,胀,12906,551474265
2515,棚,12881,551487146
2516,钥,12876,551500022
2517,钓,12872,551512894
2518,殖,12866,551525760
2519,叁,12862,551538622
2520,瞳,12808,551551430
2521,驳,12801,551564231
2522,焚,12777,551577008
2523,贩,12774,551589782
2524,遁,12772,551602554
2525,昧,12766,551615320
2526,咪,12763,551628083
2527,寰,12744,551640827
2528,匙,12742,551653569
2529,蝉,12740,551666309
2530,茜,12740,551679049
2531,盐,12740,551691789
2532,樵,12738,551704527
2533,硕,12723,551717250
2534,斧,12696,551729946
2535,擎,12690,551742636
2536,嗤,12690,551755326
2537,笛,12681,551768007
2538,尴,12660,551780667
2539,兔,12659,551793326
2540,耽,12643,551805969
2541,尬,12641,551818610
2542,胃,12637,551831247
2543,坊,12624,551843871
2544,窥,12609,551856480
2545,噢,12587,551869067
2546,勿,12552,551881619
2547,糕,12551,551894170
2548,刮,12543,551906713
2549,牟,12530,551919243
2550,於,12521,551931764
2551,皓,12510,551944274
2552,彷,12506,551956780
2553,踩,12503,551969283
2554,腊,12486,551981769
2555,酬,12476,551994245
2556,旱,12470,552006715
2557,浦,12444,552019159
2558,毙,12430,552031589
2559,眶,12424,552044013
2560,琛,12404,552056417
2561,哨,12385,552068802
2562,狭,12379,552081181
2563,弘,12368,552093549
2564,坑,12358,552105907
2565,窄,12311,552118218
2566,圳,12309,552130527
2567,呐,12289,552142816
2568,匪,12262,552155078
2569,翅,12237,552167315
2570,伶,12230,552179545
2571,哉,12208,552191753
2572,榻,12203,552203956
2573,炯,12193,552216149
2574,桓,12152,552228301
2575,倪,12143,552240444
2576,倡,12120,552252564
2577,湛,12076,552264640
2578,卒,12076,552276716
2579,鞘,12075,552288791
2580,叩,12070,552300861
2581,晤,12059,552312920
2582,幢,12048,552324968
2583,沐,12033,552337001
2584,峨,12024,552349025
2585,狡,12017,552361042
2586,饥,11994,552373036
2587,楞,11985,552385021
2588,拢,11974,552396995
2589,灼,11954,552408949
2590,浸,11930,552420879
2591,呻,11924,552432803
2592,祷,11916,552444719
2593,樊,11910,552456629
2594,斋,11908,552468537
2595,迭,11900,552480437
2596,逍,11888,552492325
2597,陕,11863,552504188
2598,眯,11824,552516012
2599,剂,11793,552527805
2600,伺,11768,552539573
2601,龟,11759,552551332
2602,侨,11756,552563088
2603,襄,11748,552574836
2604,淳,11702,552586538
2605,熙,11687,552598225
2606,芮,11680,552609905
2607,顷,11677,552621582
2608,犬,11587,552633169
2609,喻,11543,552644712
2610,歧,11538,552656250
2611,缕,11536,552667786
2612,榜,11534,552679320
2613,颁,11517,552690837
2614,衙,11510,552702347
2615,饼,11502,552713849
2616,咏,11488,552725337
2617,塌,11485,552736822
2618,柬,11462,552748284
2619,茨,11448,552759732
2620,惭,11447,552771179
2621,钧,11432,552782611
2622,襟,11418,552794029
2623,炭,11403,552805432
2624,诀,11400,552816832
2625,暮,11383,552828215
2626,磁,11341,552839556
2627,雇,11299,552850855
2628,奕,11274,552862129
2629,帖,11244,552873373
2630,潇,11228,552884601
2631,稽,11196,552895797
2632,烁,11176,552906973
2633,甄,11176,552918149
2634,咧,11163,552929312
2635,羡,11136,552940448
2636,啪,11134,552951582
2637,妓,11129,552962711
2638,纲,11100,552973811
2639,栗,11098,552984909
2640,侦,11075,552995984
2641,脂,11073,553007057
2642,衍,11073,553018130
2643,溅,11071,553029201
2644,龚,11061,553040262
2645,怡,11042,553051304
2646,绸,11026,553062330
2647,痒,11018,553073348
2648,绫,10913,553084261
2649,萄,10891,553095152
2650,兜,10886,553106038
2651,肝,10877,553116915
2652,缴,10865,553127780
2653,蕴,10851,553138631
2654,僻,10811,553149442
2655,矢,10805,553160247
2656,咯,10777,553171024
2657,滞,10776,553181800
2658,啼,10763,553192563
2659,煮,10687,553203250
2660,逾,10673,553213923
2661,祁,10665,553224588
2662,舆,10659,553235247
2663,邹,10651,553245898
2664,蔽,10641,553256539
2665,缚,10639,553267178
2666,稻,10637,553277815
2667,喀,10614,553288429
2668,蹈,10612,553299041
2669,佣,10558,553309599
2670,钗,10553,553320152
2671,兀,10539,553330691
2672,汁,10523,553341214
2673,勋,10514,553351728
2674,碌,10513,553362241
2675,莽,10495,553372736
2676,扁,10492,553383228
2677,懈,10465,553393693
2678,鸦,10453,553404146
2679,艇,10413,553414559
2680,逛,10412,553424971
2681,瑛,10411,553435382
2682,砖,10408,553445790
2683,滥,10408,553456198
2684,沛,10393,553466591
2685,冉,10393,553476984
2686,跋,10393,553487377
2687,辖,10356,553497733
2688,塘,10355,553508088
2689,禽,10332,553518420
2690,胳,10300,553528720
2691,婿,10280,553539000
2692,噗,10270,553549270
2693,驴,10269,553559539
2694,玮,10258,553569797
2695,拭,10257,553580054
2696,侣,10256,553590310
2697,揽,10244,553600554
2698,喧,10240,553610794
2699,傍,10220,553621014
2700,澜,10214,553631228
2701,铮,10213,553641441
2702,窟,10199,553651640
2703,卸,10197,553661837
2704,烤,10190,553672027
2705,舵,10190,553682217
2706,狸,10174,553692391
2707,熬,10145,553702536
2708,萝,10134,553712670
2709,衔,10129,553722799
2710,娅,10108,553732907
2711,眩,10085,553742992
2712,彬,10033,553753025
2713,捡,10024,553763049
2714,膊,10019,553773068
2715,颔,10010,553783078
2716,呃,10006,553793084
2717,蹙,10004,553803088
2718,撼,9992,553813080
2719,晏,9983,553823063
2720,眷,9981,553833044
2721,悍,9978,553843022
2722,雯,9956,553852978
2723,厄,9940,553862918
2724,笙,9940,553872858
2725,巩,9914,553882772
2726,嘟,9895,553892667
2727,匠,9874,553902541
2728,腥,9872,553912413
2729,梢,9859,553922272
2730,匕,9836,553932108
2731,肺,9835,553941943
2732,禄,9811,553951754
2733,逮,9808,553961562
2734,娱,9801,553971363
2735,壳,9766,553981129
2736,宙,9757,553990886
2737,纺,9756,554000642
2738,澡,9737,554010379
2739,俺,9721,554020100
2740,卦,9666,554029766
2741,烫,9629,554039395
2742,腻,9616,554049011
2743,嫉,9610,554058621
2744,嵌,9588,554068209
2745,虞,9586,554077795
2746,绷,9585,554087380
2747,絮,9581,554096961
2748,寝,9568,554106529
2749,毯,9563,554116092
2750,吏,9558,554125650
2751,佟,9544,554135194
2752,朕,9538,554144732
2753,亨,9515,554154247
2754,玑,9513,554163760
2755,胶,9508,554173268
2756,陋,9496,554182764
2757,疫,9491,554192255
2758,溃,9473,554201728
2759,绞,9472,554211200
2760,巢,9463,554220663
2761,薪,9454,554230117
2762,坎,9442,554239559
2763,熄,9438,554248997
2764,妍,9399,554258396
2765,鹅,9393,554267789
2766,嗔,9360,554277149
2767,荐,9354,554286503
2768,诛,9339,554295842
2769,霆,9338,554305180
2770,狞,9312,554314492
2771,咙,9297,554323789
2772,逞,9287,554333076
2773,浣,9275,554342351
2774,喇,9260,554351611
2775,彰,9239,554360850
2776,屡,9219,554370069
2777,缪,9215,554379284
2778,竺,9209,554388493
2779,捣,9201,554397694
2780,雍,9180,554406874
2781,醋,9160,554416034
2782,霉,9155,554425189
2783,搅,9143,554434332
2784,闺,9141,554443473
2785,滔,9141,554452614
2786,捞,9141,554461755
2787,铸,9124,554470879
2788,舰,9122,554480001
2789,锤,9113,554489114
2790,蔬,9081,554498195
2791,冶,9063,554507258
2792,刁,9060,554516318
2793,渗,9048,554525366
2794,菁,9040,554534406
2795,晒,9033,554543439
2796,揪,9029,554552468
2797,媛,9025,554561493
2798,绅,9020,554570513
2799,垃,9015,554579528
2800,凰,9014,554588542
2801,鸭,9009,554597551
2802,淘,8977,554606528
2803,裘,8960,554615488
2804,踉,8960,554624448
2805,禹,8937,554633385
2806,苟,8936,554642321
2807,窘,8925,554651246
2808,圾,8916,554660162
2809,摧,8915,554669077
2810,罐,8904,554677981
2811,汹,8902,554686883
2812,琉,8900,554695783
2813,骏,8896,554704679
2814,狈,8892,554713571
2815,咨,8888,554722459
2816,萱,8887,554731346
2817,蛛,8884,554740230
2818,蔷,8880,554749110
2819,拙,8872,554757982
2820,凳,8862,554766844
2821,稚,8860,554775704
2822,帜,8857,554784561
2823,蜡,8841,554793402
2824,跄,8833,554802235
2825,淹,8814,554811049
2826,箫,8804,554819853
2827,砚,8754,554828607
2828,奎,8744,554837351
2829,疚,8721,554846072
2830,隶,8719,554854791
2831,坪,8710,554863501
2832,梨,8689,554872190
2833,鞍,8677,554880867
2834,筠,8671,554889538
2835,姗,8664,554898202
2836,荫,8659,554906861
2837,嘘,8654,554915515
2838,梧,8646,554924161
2839,堕,8642,554932803
2840,敷,8634,554941437
2841,菩,8632,554950069
2842,昊,8579,554958648
2843,廖,8556,554967204
2844,邢,8537,554975741
2845,砂,8533,554984274
2846,觑,8493,554992767
2847,冀,8455,555001222
2848,觅,8445,555009667
2849,踱,8441,555018108
2850,撩,8441,555026549
2851,嗅,8434,555034983
2852,呕,8434,555043417
2853,瞅,8433,555051850
2854,焕,8422,555060272
2855,揖,8422,555068694
2856,讥,8399,555077093
2857,瓷,8366,555085459
2858,娥,8365,555093824
2859,沁,8363,555102187
2860,慑,8359,555110546
2861,宵,8344,555118890
2862,挚,8339,555127229
2863,猝,8338,555135567
2864,庵,8330,555143897
2865,唔,8315,555152212
2866,纬,8312,555160524
2867,虐,8308,555168832
2868,磕,8296,555177128
2869,吱,8283,555185411
2870,戳,8244,555193655
2871,颂,8243,555201898
2872,迸,8221,555210119
2873,糖,8204,555218323
2874,垫,8185,555226508
2875,炽,8182,555234690
2876,肘,8166,555242856
2877,扳,8123,555250979
2878,绰,8119,555259098
2879,缎,8106,555267204
2880,阙,8104,555275308
2881,憎,8104,555283412
2882,咸,8074,555291486
2883,暑,8068,555299554
2884,澈,8065,555307619
2885,昼,8061,555315680
2886,蔚,8047,555323727
2887,梭,8039,555331766
2888,旷,8025,555339791
2889,熏,7939,555347730
2890,瓣,7928,555355658
2891,奢,7925,555363583
2892,蓓,7921,555371504
2893,诵,7915,555379419
2894,婶,7895,555387314
2895,朦,7889,555395203
2896,髯,7865,555403068
2897,绢,7863,555410931
2898,蔑,7840,555418771
2899,褚,7815,555426586
2900,竿,7804,555434390
2901,斟,7799,555442189
2902,绒,7799,555449988
2903,嘎,7780,555457768
2904,栖,7766,555465534
2905,陛,7760,555473294
2906,凸,7759,555481053
2907,伞,7752,555488805
2908,豁,7741,555496546
2909,颓,7727,555504273
2910,浆,7713,555511986
2911,苑,7710,555519696
2912,懊,7705,555527401
2913,罡,7689,555535090
2914,岔,7678,555542768
2915,蛟,7647,555550415
2916,沸,7643,555558058
2917,捂,7622,555565680
2918,麒,7600,555573280
2919,蜀,7583,555580863
2920,捆,7575,555588438
2921,兑,7570,555596008
2922,袱,7569,555603577
2923,嗡,7547,555611124
2924,抿,7545,555618669
2925,靴,7539,555626208
2926,芽,7518,555633726
2927,妞,7510,555641236
2928,遏,7486,555648722
2929,恃,7484,555656206
2930,奠,7476,555663682
2931,窍,7469,555671151
2932,彪,7466,555678617
2933,蝴,7464,555686081
2934,驹,7413,555693494
2935,叭,7412,555700906
2936,晖,7411,555708317
2937,嚼,7409,555715726
2938,笠,7384,555723110
2939,膜,7380,555730490
2940,粹,7377,555737867
2941,璧,7374,555745241
2942,疤,7361,555752602
2943,衲,7354,555759956
2944,霖,7350,555767306
2945,驭,7335,555774641
2946,胧,7324,555781965
2947,窦,7317,555789282
2948,蒸,7314,555796596
2949,阐,7293,555803889
2950,贿,7282,555811171
2951,詹,7279,555818450
2952,葫,7278,555825728
2953,喽,7267,555832995
2954,啧,7264,555840259
2955,沫,7264,555847523
2956,叨,7247,555854770
2957,啤,7242,555862012
2958,簇,7219,555869231
2959,弧,7216,555876447
2960,剖,7205,555883652
2961,谜,7185,555890837
2962,瘫,7184,555898021
2963,筷,7176,555905197
2964,趴,7155,555912352
2965,犀,7139,555919491
2966,夭,7123,555926614
2967,霓,7122,555933736
2968,谣,7107,555940843
2969,垒,7102,555947945
2970,噪,7067,555955012
2971,黝,7058,555962070
2972,瑚,7031,555969101
2973,吭,6994,555976095
2974,檐,6991,555983086
2975,唬,6985,555990071
2976,揍,6982,555997053
2977,鸽,6981,556004034
2978,甸,6962,556010996
2979,涅,6955,556017951
2980,漾,6955,556024906
2981,搓,6953,556031859
2982,俐,6929,556038788
2983,绛,6921,556045709
2984,谐,6920,556052629
2985,偎,6912,556059541
2986,廓,6894,556066435
2987,删,6879,556073314
2988,尿,6868,556080182
2989,浚,6854,556087036
2990,丙,6851,556093887
2991,莺,6844,556100731
2992,拧,6841,556107572
2993,嗦,6825,556114397
2994,搔,6822,556121219
2995,谬,6818,556128037
2996,濮,6810,556134847
2997,悸,6807,556141654
2998,讳,6801,556148455
2999,猩,6794,556155249
3000,檀,6794,556162043
3001,丞,6791,556168834
3002,匣,6785,556175619
3003,矫,6782,556182401
3004,蔓,6774,556189175
3005,聋,6772,556195947
3006,匀,6768,556202715
3007,窒,6764,556209479
3008,渺,6738,556216217
3009,洽,6725,556222942
3010,靳,6720,556229662
3011,掣,6702,556236364
3012,兢,6692,556243056
3013,锺,6686,556249742
3014,粘,6685,556256427
3015,娄,6681,556263108
3016,蹦,6674,556269782
3017,辕,6672,556276454
3018,燥,6639,556283093
3019,壤,6636,556289729
3020,咚,6632,556296361
3021,蚀,6598,556302959
3022,睫,6595,556309554
3023,珀,6586,556316140
3024,枭,6575,556322715
3025,垮,6565,556329280
3026,扛,6564,556335844
3027,泻,6555,556342399
3028,蚕,6553,556348952
3029,揣,6543,556355495
3030,嚣,6540,556362035
3031,瑾,6531,556368566
3032,悯,6530,556375096
3033,酿,6523,556381619
3034,翘,6515,556388134
3035,镶,6512,556394646
3036,韶,6499,556401145
3037,倔,6492,556407637
3038,栅,6482,556414119
3039,讪,6476,556420595
3040,膨,6461,556427056
3041,乒,6450,556433506
3042,霹,6450,556439956
3043,膏,6445,556446401
3044,琐,6440,556452841
3045,缅,6393,556459234
3046,鬓,6388,556465622
3047,滕,6386,556472008
3048,缸,6386,556478394
3049,匿,6378,556484772
3050,沦,6368,556491140
3051,炒,6363,556497503
3052,诣,6355,556503858
3053,晁,6353,556510211
3054,墅,6348,556516559
3055,弩,6345,556522904
3056,庐,6324,556529228
3057,瀑,6318,556535546
3058,弊,6314,556541860
3059,癌,6302,556548162
3060,噜,6277,556554439
3061,钞,6275,556560714
3062,牡,6267,556566981
3063,哧,6259,556573240
3064,厥,6257,556579497
3065,贬,6245,556585742
3066,掳,6242,556591984
3067,茹,6240,556598224
3068,缀,6235,556604459
3069,蝠,6231,556610690
3070,俘,6220,556616910
3071,腮,6205,556623115
3072,侃,6199,556629314
3073,勘,6191,556635505
3074,瞟,6186,556641691
3075,蝎,6180,556647871
3076,怅,6177,556654048
3077,淌,6174,556660222
3078,峭,6169,556666391
3079,娴,6153,556672544
3080,睨,6153,556678697
3081,呛,6140,556684837
3082,磋,6131,556690968
3083,沮,6127,556697095
3084,猾,6127,556703222
3085,肋,6119,556709341
3086,赦,6114,556715455
3087,札,6110,556721565
3088,锻,6110,556727675
3089,睦,6108,556733783
3090,浇,6087,556739870
3091,笃,6069,556745939
3092,槐,6067,556752006
3093,饲,6059,556758065
3094,怠,6021,556764086
3095,铲,6021,556770107
3096,蚁,6013,556776120
3097,浊,6005,556782125
3098,簿,5991,556788116
3099,迄,5991,556794107
3100,凹,5959,556800066
3101,跺,5956,556806022
3102,缉,5927,556811949
3103,圭,5919,556817868
3104,嵩,5908,556823776
3105,梵,5903,556829679
3106,坝,5898,556835577
3107,悼,5881,556841458
3108,鳞,5875,556847333
3109,溺,5875,556853208
3110,萌,5871,556859079
3111,哽,5866,556864945
3112,撰,5866,556870811
3113,钰,5864,556876675
3114,锣,5852,556882527
3115,煎,5840,556888367
3116,慷,5832,556894199
3117,巍,5830,556900029
3118,螺,5805,556905834
3119,哮,5803,556911637
3120,虔,5795,556917432
3121,珑,5786,556923218
3122,膳,5777,556928995
3123,葱,5775,556934770
3124,秽,5771,556940541
3125,岑,5770,556946311
3126,剔,5768,556952079
3127,譬,5764,556957843
3128,璞,5747,556963590
3129,瞩,5744,556969334
3130,赎,5741,556975075
3131,雳,5735,556980810
3132,嵋,5731,556986541
3133,枣,5731,556992272
3134,腑,5730,556998002
3135,讷,5723,557003725
3136,汛,5722,557009447
3137,蟒,5707,557015154
3138,曦,5705,557020859
3139,驯,5693,557026552
3140,秉,5678,557032230
3141,噬,5672,557037902
3142,巳,5668,557043570
3143,戟,5664,557049234
3144,瞻,5662,557054896
3145,酥,5657,557060553
3146,涕,5655,557066208
3147,舔,5636,557071844
3148,蛊,5626,557077470
3149,恺,5624,557083094
3150,蕊,5615,557088709
3151,祟,5615,557094324
3152,碟,5614,557099938
3153,钮,5609,557105547
3154,怦,5600,557111147
3155,鞠,5594,557116741
3156,漓,5571,557122312
3157,舜,5548,557127860
3158,轴,5538,557133398
3159,枢,5536,557138934
3160,珂,5535,557144469
3161,袜,5532,557150001
3162,拣,5524,557155525
3163,讼,5522,557161047
3164,诃,5521,557166568
3165,惚,5519,557172087
3166,苇,5519,557177606
3167,褪,5512,557183118
3168,聆,5511,557188629
3169,蹬,5504,557194133
3170,谴,5447,557199580
3171,嗽,5444,557205024
3172,虏,5438,557210462
3173,脯,5437,557215899
3174,烘,5431,557221330
3175,恬,5425,557226755
3176,辫,5406,557232161
3177,咎,5390,557237551
3178,咄,5368,557242919
3179,睬,5364,557248283
3180,棘,5361,557253644
3181,炙,5358,557259002
3182,惘,5354,557264356
3183,埔,5340,557269696
3184,嚎,5339,557275035
3185,虬,5339,557280374
3186,筱,5337,557285711
3187,晦,5327,557291038
3188,悚,5316,557296354
3189,孜,5312,557301666
3190,诫,5308,557306974
3191,毋,5304,557312278
3192,茱,5294,557317572
3193,捶,5291,557322863
3194,璋,5287,557328150
3195,咆,5286,557333436
3196,鬟,5284,557338720
3197,袅,5278,557343998
3198,氧,5271,557349269
3199,杉,5265,557354534
3200,仕,5261,557359795
3201,卵,5256,557365051
3202,缔,5234,557370285
3203,浏,5231,557375516
3204,唾,5217,557380733
3205,眺,5207,557385940
3206,菌,5204,557391144
3207,寥,5203,557396347
3208,擂,5199,557401546
3209,诏,5199,557406745
3210,俭,5188,557411933
3211,绊,5174,557417107
3212,啜,5172,557422279
3213,阱,5159,557427438
3214,橱,5159,557432597
3215,酋,5135,557437732
3216,瘾,5129,557442861
3217,帧,5127,557447988
3218,呸,5119,557453107
3219,惕,5104,557458211
3220,拇,5100,557463311
3221,恻,5097,557468408
3222,哝,5094,557473502
3223,佯,5091,557478593
3224,悴,5075,557483668
3225,蕙,5072,557488740
3226,虾,5068,557493808
3227,抡,5064,557498872
3228,凿,5061,557503933
3229,筝,5055,557508988
3230,颅,5047,557514035
3231,乓,5044,557519079
3232,暧,5035,557524114
3233,厕,5034,557529148
3234,嘀,5033,557534181
3235,闵,5032,557539213
3236,沼,5012,557544225
3237,溶,5009,557549234
3238,瘤,5000,557554234
3239,粥,4986,557559220
3240,庇,4985,557564205
3241,崎,4984,557569189
3242,谕,4984,557574173
3243,褐,4981,557579154
3244,诅,4972,557584126
3245,憔,4966,557589092
3246,炫,4956,557594048
3247,癫,4917,557598965
3248,惫,4910,557603875
3249,恙,4908,557608783
3250,祺,4899,557613682
3251,琢,4897,557618579
3252,噩,4897,557623476
3253,髓,4885,557628361
3254,掐,4875,557633236
3255,屯,4867,557638103
3256,忡,4863,557642966
3257,迳,4863,557647829
3258,霏,4862,557652691
3259,鸠,4861,557657552
3260,侥,4858,557662410
3261,憋,4858,557667268
3262,婕,4854,557672122
3263,翊,4853,557676975
3264,酱,4848,557681823
3265,湄,4847,557686670
3266,缰,4836,557691506
3267,珞,4831,557696337
3268,芯,4811,557701148
3269,棕,4798,557705946
3270,拗,4791,557710737
3271,嗜,4786,557715523
3272,楣,4776,557720299
3273,汰,4773,557725072
3274,涧,4770,557729842
3275,肴,4768,557734610
3276,萼,4761,557739371
3277,佬,4758,557744129
3278,奄,4750,557748879
3279,锭,4742,557753621
3280,匡,4720,557758341
3281,苔,4709,557763050
3282,鸳,4708,557767758
3283,啃,4708,557772466
3284,徊,4707,557777173
3285,芹,4691,557781864
3286,蚊,4688,557786552
3287,炬,4684,557791236
3288,徘,4683,557795919
3289,氓,4680,557800599
3290,懦,4680,557805279
3291,铅,4679,557809958
3292,鸾,4673,557814631
3293,戮,4668,557819299
3294,曳,4665,557823964
3295,涡,4659,557828623
3296,帷,4654,557833277
3297,芭,4650,557837927
3298,灶,4640,557842567
3299,琵,4639,557847206
3300,嗨,4609,557851815
3301,薰,4605,557856420
3302,厘,4604,557861024
3303,朔,4603,557865627
3304,蝇,4582,557870209
3305,挠,4574,557874783
3306,垦,4574,557879357
3307,喳,4561,557883918
3308,骸,4549,557888467
3309,哆,4534,557893001
3310,萎,4526,557897527
3311,捺,4515,557902042
3312,垢,4510,557906552
3313,炳,4507,557911059
3314,缆,4506,557915565
3315,髅,4499,557920064
3316,峙,4498,557924562
3317,鹃,4493,557929055
3318,藩,4487,557933542
3319,橡,4487,557938029
3320,躇,4484,557942513
3321,踌,4473,557946986
3322,槽,4470,557951456
3323,翟,4460,557955916
3324,宦,4460,557960376
3325,漱,4458,557964834
3326,邑,4444,557969278
3327,飒,4442,557973720
3328,搐,4441,557978161
3329,骷,4431,557982592
3330,钝,4428,557987020
3331,臀,4425,557991445
3332,崭,4415,557995860
3333,酌,4388,558000248
3334,拎,4387,558004635
3335,迦,4380,558009015
3336,昕,4377,558013392
3337,抒,4375,558017767
3338,笺,4374,558022141
3339,炜,4359,558026500
3340,惺,4342,558030842
3341,衅,4340,558035182
3342,琶,4326,558039508
3343,驿,4324,558043832
3344,赃,4323,558048155
3345,簌,4315,558052470
3346,癞,4313,558056783
3347,曙,4310,558061093
3348,庚,4300,558065393
3349,砌,4289,558069682
3350,迢,4277,558073959
3351,袂,4269,558078228
3352,绯,4266,558082494
3353,瞿,4261,558086755
3354,寅,4257,558091012
3355,皂,4252,558095264
3356,篱,4225,558099489
3357,锵,4210,558103699
3358,跛,4206,558107905
3359,痊,4196,558112101
3360,桀,4192,558116293
3361,祠,4190,558120483
3362,扒,4186,558124669
3363,钵,4185,558128854
3364,臻,4184,558133038
3365,跷,4178,558137216
3366,辙,4164,558141380
3367,磷,4163,558145543
3368,颐,4147,558149690
3369,窑,4142,558153832
3370,渝,4140,558157972
3371,邸,4137,558162109
3372,淇,4135,558166244
3373,滤,4130,558170374
3374,搀,4122,558174496
3375,窖,4118,558178614
3376,岱,4116,558182730
3377,杠,4107,558186837
3378,粪,4098,558190935
3379,幌,4094,558195029
3380,鸯,4085,558199114
3381,翡,4081,558203195
3382,拯,4074,558207269
3383,萤,4062,558211331
3384,莞,4050,558215381
3385,靡,4030,558219411
3386,烙,4027,558223438
3387,锥,4026,558227464
3388,雌,4025,558231489
3389,嗣,4025,558235514
3390,馈,4018,558239532
3391,惮,4017,558243549
3392,酣,4013,558247562
3393,蹑,4013,558251575
3394,殃,4009,558255584
3395,狰,4003,558259587
3396,募,4000,558263587
3397,吆,3998,558267585
3398,筵,3993,558271578
3399,亢,3987,558275565
3400,婪,3984,558279549
3401,奚,3979,558283528
3402,闸,3979,558287507
3403,瑕,3978,558291485
3404,攒,3976,558295461
3405,髻,3970,558299431
3406,拈,3969,558303400
3407,黏,3964,558307364
3408,瘟,3957,558311321
3409,匈,3957,558315278
3410,谑,3949,558319227
3411,偌,3934,558323161
3412,叽,3931,558327092
3413,峒,3921,558331013
3414,伽,3912,558334925
3415,溯,3904,558338829
3416,肇,3895,558342724
3417,稼,3893,558346617
3418,棱,3890,558350507
3419,梗,3886,558354393
3420,偕,3883,558358276
3421,暄,3879,558362155
3422,禾,3879,558366034
3423,鄂,3868,558369902
3424,楠,3867,558373769
3425,庶,3861,558377630
3426,扼,3853,558381483
3427,轧,3853,558385336
3428,僚,3843,558389179
3429,孚,3840,558393019
3430,殆,3839,558396858
3431,贮,3836,558400694
3432,悻,3835,558404529
3433,辐,3835,558408364
3434,蔼,3833,558412197
3435,骡,3821,558416018
3436,蝙,3817,558419835
3437,渥,3814,558423649
3438,攫,3813,558427462
3439,骥,3804,558431266
3440,嬉,3798,558435064
3441,苛,3794,558438858
3442,羿,3792,558442650
3443,隽,3768,558446418
3444,羹,3759,558450177
3445,隧,3756,558453933
3446,桨,3752,558457685
3447,盔,3750,558461435
3448,惋,3748,558465183
3449,馀,3747,558468930
3450,穗,3744,558472674
3451,邯,3740,558476414
3452,忒,3738,558480152
3453,渍,3729,558483881
3454,胭,3720,558487601
3455,笈,3715,558491316
3456,蜘,3714,558495030
3457,拴,3714,558498744
3458,拷,3699,558502443
3459,涎,3698,558506141
3460,昱,3694,558509835
3461,咋,3692,558513527
3462,唰,3690,558517217
3463,蛙,3688,558520905
3464,蟹,3683,558524588
3465,羁,3678,558528266
3466,诬,3674,558531940
3467,茉,3662,558535602
3468,蛾,3660,558539262
3469,壑,3656,558542918
3470,噤,3651,558546569
3471,茗,3646,558550215
3472,伫,3638,558553853
3473,疮,3631,558557484
3474,撮,3627,558561111
3475,哺,3609,558564720
3476,雏,3608,558568328
3477,渣,3605,558571933
3478,扉,3585,558575518
3479,茄,3584,558579102
3480,嬴,3581,558582683
3481,笋,3577,558586260
3482,吮,3577,558589837
3483,粟,3571,558593408
3484,椒,3568,558596976
3485,槛,3557,558600533
3486,馒,3551,558604084
3487,翌,3547,558607631
3488,貂,3546,558611177
3489,荪,3543,558614720
3490,冽,3536,558618256
3491,铎,3536,558621792
3492,唷,3535,558625327
3493,瓢,3530,558628857
3494,韧,3526,558632383
3495,忏,3523,558635906
3496,邃,3521,558639427
3497,冗,3516,558642943
3498,冢,3512,558646455
3499,遐,3504,558649959
3500,谒,3501,558653460
3501,礁,3488,558656948
3502,琅,3482,558660430
3503,阖,3481,558663911
3504,毡,3481,558667392
3505,唆,3477,558670869
3506,镑,3475,558674344
3507,辗,3475,558677819
3508,崆,3474,558681293
3509,崛,3470,558684763
3510,廿,3466,558688229
3511,蒜,3465,558691694
3512,绚,3463,558695157
3513,蚂,3462,558698619
3514,歼,3452,558702071
3515,屉,3448,558705519
3516,臾,3448,558708967
3517,芜,3445,558712412
3518,煦,3440,558715852
3519,睑,3427,558719279
3520,赂,3426,558722705
3521,剌,3423,558726128
3522,骰,3421,558729549
3523,芊,3410,558732959
3524,嘈,3408,558736367
3525,绎,3407,558739774
3526,帛,3404,558743178
3527,恤,3403,558746581
3528,飕,3403,558749984
3529,穹,3396,558753380
3530,栩,3392,558756772
3531,戎,3387,558760159
3532,琥,3382,558763541
3533,噎,3380,558766921
3534,甬,3376,558770297
3535,鑫,3373,558773670
3536,柿,3364,558777034
3537,褥,3359,558780393
3538,荃,3356,558783749
3539,漪,3355,558787104
3540,汲,3352,558790456
3541,缭,3352,558793808
3542,阀,3351,558797159
3543,镯,3351,558800510
3544,辄,3349,558803859
3545,炕,3348,558807207
3546,墟,3346,558810553
3547,俨,3338,558813891
3548,暨,3324,558817215
3549,唠,3322,558820537
3550,簧,3321,558823858
3551,赁,3306,558827164
3552,赘,3303,558830467
3553,跤,3302,558833769
3554,甥,3301,558837070
3555,濒,3300,558840370
3556,舶,3297,558843667
3557,屎,3296,558846963
3558,妲,3294,558850257
3559,咛,3292,558853549
3560,鹦,3279,558856828
3561,竣,3274,558860102
3562,钊,3272,558863374
3563,孰,3270,558866644
3564,嚅,3268,558869912
3565,猖,3260,558873172
3566,圃,3255,558876427
3567,挹,3252,558879679
3568,吝,3248,558882927
3569,矶,3244,558886171
3570,桔,3242,558889413
3571,屹,3242,558892655
3572,蜈,3242,558895897
3573,毓,3224,558899121
3574,幡,3221,558902342
3575,肮,3221,558905563
3576,袄,3212,558908775
3577,靥,3211,558911986
3578,矜,3208,558915194
3579,沪,3207,558918401
3580,呱,3197,558921598
3581,卉,3193,558924791
3582,巅,3185,558927976
3583,鹊,3174,558931150
3584,亘,3169,558934319
3585,夙,3169,558937488
3586,溉,3165,558940653
3587,缤,3163,558943816
3588,亟,3160,558946976
3589,紊,3157,558950133
3590,俟,3152,558953285
3591,踹,3152,558956437
3592,鹫,3143,558959580
3593,涤,3141,558962721
3594,殴,3140,558965861
3595,侈,3139,558969000
3596,咀,3134,558972134
3597,裔,3133,558975267
3598,憨,3132,558978399
3599,黠,3131,558981530
3600,遽,3131,558984661
3601,忑,3130,558987791
3602,曜,3126,558990917
3603,醇,3118,558994035
3604,漩,3113,558997148
3605,匾,3112,559000260
3606,掺,3110,559003370
3607,椎,3110,559006480
3608,瞠,3108,559009588
3609,嗫,3107,559012695
3610,迥,3093,559015788
3611,铿,3088,559018876
3612,髦,3088,559021964
3613,峦,3086,559025050
3614,烹,3082,559028132
3615,糙,3077,559031209
3616,趾,3076,559034285
3617,茧,3069,559037354
3618,珉,3065,559040419
3619,喏,3063,559043482
3620,剃,3062,559046544
3621,啄,3061,559049605
3622,蜷,3059,559052664
3623,喟,3054,559055718
3624,踞,3054,559058772
3625,荧,3049,559061821
3626,忐,3049,559064870
3627,靓,3048,559067918
3628,嗖,3045,559070963
3629,袒,3044,559074007
3630,锄,3044,559077051
3631,寐,3043,559080094
3632,熠,3041,559083135
3633,聿,3041,559086176
3634,昵,3040,559089216
3635,盎,3040,559092256
3636,吠,3036,559095292
3637,玺,3033,559098325
3638,淀,3028,559101353
3639,萦,3027,559104380
3640,磅,3027,559107407
3641,皙,3027,559110434
3642,曝,3012,559113446
3643,葵,3008,559116454
3644,摹,2985,559119439
3645,锯,2984,559122423
3646,矗,2981,559125404
3647,祯,2981,559128385
3648,茸,2975,559131360
3649,鹉,2975,559134335
3650,攘,2968,559137303
3651,蕉,2967,559140270
3652,弼,2966,559143236
3653,涟,2959,559146195
3654,垄,2957,559149152
3655,谏,2956,559152108
3656,榆,2950,559155058
3657,盂,2932,559157990
3658,褂,2923,559160913
3659,殉,2922,559163835
3660,睿,2917,559166752
3661,掬,2917,559169669
3662,啐,2912,559172581
3663,苓,2911,559175492
3664,蚣,2908,559178400
3665,澎,2905,559181305
3666,嚓,2901,559184206
3667,蹿,2901,559187107
3668,萃,2897,559190004
3669,鳌,2896,559192900
3670,妪,2896,559195796
3671,璀,2894,559198690
3672,逵,2893,559201583
3673,娼,2891,559204474
3674,汕,2891,559207365
3675,隋,2884,559210249
3676,攸,2877,559213126
3677,沅,2875,559216001
3678,亵,2875,559218876
3679,瘪,2870,559221746
3680,疙,2869,559224615
3681,坞,2869,559227484
3682,伎,2868,559230352
3683,恁,2855,559233207
3684,惦,2850,559236057
3685,籁,2848,559238905
3686,榴,2838,559241743
3687,婵,2835,559244578
3688,洼,2834,559247412
3689,茴,2833,559250245
3690,簪,2829,559253074
3691,瞑,2829,559255903
3692,沂,2829,559258732
3693,舫,2826,559261558
3694,杵,2826,559264384
3695,憧,2820,559267204
3696,蜒,2815,559270019
3697,妩,2813,559272832
3698,烨,2811,559275643
3699,踝,2805,559278448
3700,馥,2801,559281249
3701,拽,2800,559284049
3702,捱,2795,559286844
3703,蹊,2792,559289636
3704,铐,2789,559292425
3705,睽,2786,559295211
3706,瀚,2784,559297995
3707,茎,2777,559300772
3708,捻,2770,559303542
3709,泌,2767,559306309
3710,卯,2762,559309071
3711,颀,2758,559311829
3712,鲤,2757,559314586
3713,邝,2746,559317332
3714,巽,2746,559320078
3715,弛,2743,559322821
3716,楷,2742,559325563
3717,渎,2742,559328305
3718,姣,2739,559331044
3719,瘩,2733,559333777
3720,畴,2731,559336508
3721,锈,2730,559339238
3722,飙,2726,559341964
3723,孺,2721,559344685
3724,胤,2720,559347405
3725,骋,2713,559350118
3726,珏,2711,559352829
3727,篆,2709,559355538
3728,闽,2702,559358240
3729,麓,2690,559360930
3730,钳,2675,559363605
3731,剿,2674,559366279
3732,惆,2673,559368952
3733,嫔,2670,559371622
3734,勺,2665,559374287
3735,筛,2659,559376946
3736,藻,2657,559379603
3737,倌,2656,559382259
3738,稣,2650,559384909
3739,饵,2648,559387557
3740,恣,2644,559390201
3741,粤,2641,559392842
3742,蠕,2638,559395480
3743,冕,2635,559398115
3744,桅,2629,559400744
3745,囗,2629,559403373
3746,嗥,2626,559405999
3747,鲸,2622,559408621
3748,沥,2619,559411240
3749,橙,2618,559413858
3750,缥,2616,559416474
3751,煽,2615,559419089
3752,懿,2610,559421699
3753,蹋,2608,559424307
3754,祀,2607,559426914
3755,卞,2607,559429521
3756,摺,2596,559432117
3757,颚,2596,559434713
3758,阜,2593,559437306
3759,箍,2592,559439898
3760,橘,2588,559442486
3761,抉,2572,559445058
3762,墩,2563,559447621
3763,倜,2561,559450182
3764,璐,2561,559452743
3765,槟,2557,559455300
3766,亥,2547,559457847
3767,幔,2545,559460392
3768,滇,2543,559462935
3769,靶,2541,559465476
3770,迂,2535,559468011
3771,阑,2532,559470543
3772,熔,2530,559473073
3773,噫,2524,559475597
3774,殡,2519,559478116
3775,咻,2517,559480633
3776,霭,2512,559483145
3777,枷,2508,559485653
3778,菇,2505,559488158
3779,涔,2501,559490659
3780,炊,2500,559493159
3781,惴,2498,559495657
3782,羔,2498,559498155
3783,涝,2495,559500650
3784,痉,2494,559503144
3785,凋,2493,559505637
3786,隅,2482,559508119
3787,宓,2481,559510600
3788,煜,2480,559513080
3789,踊,2478,559515558
3790,薯,2472,559518030
3791,挛,2470,559520500
3792,陇,2466,559522966
3793,斫,2466,559525432
3794,淬,2465,559527897
3795,秤,2460,559530357
3796,嗳,2460,559532817
3797,忱,2458,559535275
3798,嫖,2447,559537722
3799,屿,2443,559540165
3800,纣,2437,559542602
3801,戾,2428,559545030
3802,诲,2428,559547458
3803,汾,2423,559549881
3804,淤,2421,559552302
3805,沓,2412,559554714
3806,阈,2404,559557118
3807,昀,2402,559559520
3808,揩,2401,559561921
3809,崽,2398,559564319
3810,瘸,2393,559566712
3811,蹭,2393,559569105
3812,渭,2392,559571497
3813,赣,2391,559573888
3814,痪,2390,559576278
3815,垣,2389,559578667
3816,梓,2388,559581055
3817,僮,2387,559583442
3818,拌,2383,559585825
3819,鸥,2383,559588208
3820,馁,2382,559590590
3821,琬,2368,559592958
3822,癖,2367,559595325
3823,驮,2360,559597685
3824,燎,2360,559600045
3825,铛,2357,559602402
3826,扈,2356,559604758
3827,筏,2350,559607108
3828,蕃,2348,559609456
3829,贻,2348,559611804
3830,湃,2347,559614151
3831,盅,2346,559616497
3832,霈,2346,559618843
3833,闰,2344,559621187
3834,荀,2337,559623524
3835,娓,2334,559625858
3836,邬,2331,559628189
3837,侬,2322,559630511
3838,棣,2312,559632823
3839,睐,2312,559635135
3840,谛,2310,559637445
3841,裟,2310,559639755
3842,幺,2295,559642050
3843,箕,2294,559644344
3844,漉,2293,559646637
3845,舷,2293,559648930
3846,痹,2286,559651216
3847,酝,2282,559653498
3848,窿,2282,559655780
3849,嗒,2281,559658061
3850,醺,2274,559660335
3851,膺,2271,559662606
3852,袈,2270,559664876
3853,慵,2266,559667142
3854,甭,2259,559669401
3855,硫,2259,559671660
3856,憬,2256,559673916
3857,鳄,2248,559676164
3858,捎,2246,559678410
3859,腆,2244,559680654
3860,嫡,2243,559682897
3861,鲨,2241,559685138
3862,嗟,2239,559687377
3863,厩,2239,559689616
3864,谍,2237,559691853
3865,纨,2235,559694088
3866,霁,2220,559696308
3867,撂,2219,559698527
3868,恪,2218,559700745
3869,濑,2216,559702961
3870,纶,2214,559705175
3871,蜿,2213,559707388
3872,黔,2209,559709597
3873,沌,2208,559711805
3874,皋,2198,559714003
3875,眈,2194,559716197
3876,汀,2186,559718383
3877,椰,2184,559720567
3878,璨,2181,559722748
3879,哂,2180,559724928
3880,藕,2178,559727106
3881,毗,2172,559729278
3882,噙,2172,559731450
3883,啷,2168,559733618
3884,肾,2167,559735785
3885,啻,2165,559737950
3886,铝,2157,559740107
3887,筐,2155,559742262
3888,烬,2153,559744415
3889,岐,2147,559746562
3890,隘,2143,559748705
3891,愠,2118,559750823
3892,狩,2115,559752938
3893,臆,2114,559755052
3894,噘,2114,559757166
3895,缄,2110,559759276
3896,坂,2109,559761385
3897,韬,2108,559763493
3898,桢,2099,559765592
3899,绥,2095,559767687
3900,臊,2094,559769781
3901,酉,2092,559771873
3902,咫,2092,559773965
3903,倭,2082,559776047
3904,胥,2077,559778124
3905,荻,2076,559780200
3906,谆,2075,559782275
3907,捍,2074,559784349
3908,摒,2071,559786420
3909,簸,2071,559788491
3910,鸨,2070,559790561
3911,赧,2068,559792629
3912,痰,2064,559794693
3913,埠,2062,559796755
3914,喋,2061,559798816
3915,腋,2058,559800874
3916,呷,2053,559802927
3917,妤,2053,559804980
3918,荼,2052,559807032
3919,韫,2051,559809083
3920,谙,2051,559811134
3921,婊,2044,559813178
3922,鞑,2041,559815219
3923,孀,2041,559817260
3924,玟,2038,559819298
3925,仞,2036,559821334
3926,狙,2035,559823369
3927,钹,2031,559825400
3928,螂,2030,559827430
3929,馋,2028,559829458
3930,腼,2026,559831484
3931,翦,2025,559833509
3932,缨,2022,559835531
3933,潺,2011,559837542
3934,昙,2011,559839553
3935,踵,2011,559841564
3936,怆,2010,559843574
3937,稷,2001,559845575
3938,桦,1998,559847573
3939,罔,1997,559849570
3940,皑,1994,559851564
3941,唏,1987,559853551
3942,泓,1987,559855538
3943,渲,1986,559857524
3944,琨,1986,559859510
3945,挝,1985,559861495
3946,隼,1984,559863479
3947,劭,1984,559865463
3948,犁,1981,559867444
3949,荔,1972,559869416
3950,赈,1967,559871383
3951,唧,1965,559873348
3952,闩,1964,559875312
3953,拄,1962,559877274
3954,捅,1961,559879235
3955,鳖,1959,559881194
3956,瓮,1953,559883147
3957,胯,1951,559885098
3958,褒,1950,559887048
3959,剁,1946,559888994
3960,睇,1944,559890938
3961,耘,1937,559892875
3962,榭,1934,559894809
3963,秧,1933,559896742
3964,椿,1933,559898675
3965,皖,1929,559900604
3966,辘,1924,559902528
3967,潼,1919,559904447
3968,杳,1919,559906366
3969,芥,1914,559908280
3970,郸,1909,559910189
3971,藜,1902,559912091
3972,掂,1901,559913992
3973,缈,1898,559915890
3974,匝,1897,559917787
3975,恸,1895,559919682
3976,皎,1893,559921575
3977,讹,1892,559923467
3978,敕,1891,559925358
3979,碱,1887,559927245
3980,憩,1883,559929128
3981,颦,1876,559931004
3982,畸,1872,559932876
3983,搪,1864,559934740
3984,噶,1861,559936601
3985,苞,1860,559938461
3986,惬,1859,559940320
3987,佼,1855,559942175
3988,栓,1854,559944029
3989,脓,1852,559945881
3990,旖,1850,559947731
3991,丕,1848,559949579
3992,硝,1846,559951425
3993,鹗,1842,559953267
3994,瘴,1832,559955099
3995,帚,1826,559956925
3996,坍,1826,559958751
3997,偃,1821,559960572
3998,揄,1820,559962392
3999,榄,1813,559964205
4000,嫦,1811,559966016
4001,讫,1804,559967820
4002,褛,1800,559969620
4003,旌,1798,559971418
4004,篓,1798,559973216
4005,彝,1797,559975013
4006,蛤,1795,559976808
4007,啾,1795,559978603
4008,畹,1794,559980397
4009,镣,1793,559982190
4010,榨,1793,559983983
4011,荤,1792,559985775
4012,婀,1789,559987564
4013,撵,1786,559989350
4014,跚,1786,559991136
4015,胚,1786,559992922
4016,泞,1782,559994704
4017,湍,1781,559996485
4018,谤,1779,559998264
4019,岖,1778,560000042
4020,颉,1778,560001820
4021,葳,1776,560003596
4022,琏,1775,560005371
4023,洵,1770,560007141
4024,馅,1770,560008911
4025,潦,1768,560010679
4026,砾,1765,560012444
4027,渤,1764,560014208
4028,溟,1760,560015968
4029,濡,1756,560017724
4030,蝗,1756,560019480
4031,舐,1754,560021234
4032,窈,1753,560022987
4033,锚,1748,560024735
4034,烯,1743,560026478
4035,嘤,1739,560028217
4036,蹒,1737,560029954
4037,愫,1735,560031689
4038,覃,1729,560033418
4039,觎,1729,560035147
4040,粱,1724,560036871
4041,稠,1723,560038594
4042,糗,1722,560040316
4043,滟,1720,560042036
4044,骅,1717,560043753
4045,谲,1717,560045470
4046,吒,1712,560047182
4047,芍,1707,560048889
4048,瀛,1705,560050594
4049,玷,1701,560052295
4050,骁,1697,560053992
4051,辍,1697,560055689
4052,诘,1696,560057385
4053,箴,1693,560059078
4054,胴,1689,560060767
4055,漳,1688,560062455
4056,悖,1687,560064142
4057,蹩,1685,560065827
4058,坷,1683,560067510
4059,刽,1680,560069190
4060,橄,1679,560070869
4061,唁,1674,560072543
4062,翱,1674,560074217
4063,瞌,1668,560075885
4064,堇,1667,560077552
4065,捋,1666,560079218
4066,卤,1664,560080882
4067,赡,1660,560082542
4068,芋,1660,560084202
4069,窕,1659,560085861
4070,涣,1657,560087518
4071,觊,1654,560089172
4072,汩,1646,560090818
4073,痣,1645,560092463
4074,碳,1642,560094105
4075,掴,1640,560095745
4076,饺,1639,560097384
4077,咔,1637,560099021
4078,沽,1634,560100655
4079,郢,1633,560102288
4080,惰,1628,560103916
4081,驸,1626,560105542
4082,剐,1625,560107167
4083,蛰,1625,560108792
4084,烽,1624,560110416
4085,焊,1624,560112040
4086,蚌,1621,560113661
4087,鸵,1621,560115282
4088,箝,1616,560116898
4089,咭,1615,560118513
4090,笆,1614,560120127
4091,泵,1609,560121736
4092,腺,1609,560123345
4093,镰,1607,560124952
4094,鼾,1607,560126559
4095,碘,1603,560128162
4096,绡,1600,560129762
4097,诌,1597,560131359
4098,癸,1597,560132956
4099,骼,1591,560134547
4100,鄱,1590,560136137
4101,堰,1590,560137727
4102,蟠,1589,560139316
4103,碴,1587,560140903
4104,檬,1587,560142490
4105,嚏,1583,560144073
4106,淄,1578,560145651
4107,菡,1571,560147222
4108,榕,1567,560148789
4109,鬃,1567,560150356
4110,谧,1566,560151922
4111,磐,1562,560153484
4112,涓,1562,560155046
4113,绾,1561,560156607
4114,焱,1557,560158164
4115,麾,1554,560159718
4116,酪,1554,560161272
4117,羚,1554,560162826
4118,茬,1551,560164377
4119,辔,1550,560165927
4120,恫,1544,560167471
4121,侗,1541,560169012
4122,刨,1536,560170548
4123,臼,1535,560172083
4124,甯,1535,560173618
4125,猥,1534,560175152
4126,绺,1526,560176678
4127,宸,1526,560178204
4128,蔺,1523,560179727
4129,淆,1523,560181250
4130,柠,1523,560182773
4131,槌,1520,560184293
4132,晔,1519,560185812
4133,峪,1516,560187328
4134,掸,1512,560188840
4135,葆,1510,560190350
4136,汶,1507,560191857
4137,霾,1505,560193362
4138,跻,1502,560194864
4139,炖,1499,560196363
4140,撬,1499,560197862
4141,瘀,1494,560199356
4142,龛,1494,560200850
4143,夥,1493,560202343
4144,盹,1493,560203836
4145,戊,1489,560205325
4146,俎,1486,560206811
4147,桧,1485,560208296
4148,恿,1484,560209780
4149,镀,1484,560211264
4150,璜,1483,560212747
4151,啬,1479,560214226
4152,篡,1479,560215705
4153,鹭,1477,560217182
4154,瞰,1472,560218654
4155,怂,1470,560220124
4156,犊,1466,560221590
4157,熨,1466,560223056
4158,瑙,1463,560224519
4159,忤,1460,560225979
4160,囱,1457,560227436
4161,嗲,1455,560228891
4162,蟾,1451,560230342
4163,戍,1446,560231788
4164,獗,1445,560233233
4165,瘁,1444,560234677
4166,俪,1438,560236115
4167,粲,1437,560237552
4168,镂,1436,560238988
4169,壕,1435,560240423
4170,殒,1431,560241854
4171,篙,1430,560243284
4172,鹄,1428,560244712
4173,纂,1425,560246137
4174,徨,1424,560247561
4175,邙,1421,560248982
4176,泷,1420,560250402
4177,纫,1419,560251821
4178,晟,1418,560253239
4179,阉,1417,560254656
4180,瑷,1415,560256071
4181,痞,1414,560257485
4182,褴,1413,560258898
4183,羲,1412,560260310
4184,胄,1411,560261721
4185,谄,1410,560263131
4186,蟆,1409,560264540
4187,豺,1408,560265948
4188,褶,1402,560267350
4189,藐,1401,560268751
4190,媲,1401,560270152
4191,挲,1399,560271551
4192,灏,1395,560272946
4193,囔,1392,560274338
4194,诠,1391,560275729
4195,蓟,1390,560277119
4196,泯,1390,560278509
4197,懵,1390,560279899
4198,擞,1388,560281287
4199,斡,1388,560282675
4200,龇,1386,560284061
4201,璎,1383,560285444
4202,涸,1383,560286827
4203,莓,1382,560288209
4204,羌,1380,560289589
4205,叼,1374,560290963
4206,殓,1370,560292333
4207,谚,1368,560293701
4208,疵,1367,560295068
4209,犷,1365,560296433
4210,衾,1359,560297792
4211,飓,1358,560299150
4212,俸,1356,560300506
4213,绉,1356,560301862
4214,咤,1355,560303217
4215,螓,1351,560304568
4216,掇,1350,560305918
4217,徙,1350,560307268
4218,泗,1350,560308618
4219,坳,1349,560309967
4220,镐,1348,560311315
4221,俦,1348,560312663
4222,榛,1342,560314005
4223,饯,1341,560315346
4224,咿,1339,560316685
4225,舀,1337,560318022
4226,釜,1337,560319359
4227,糜,1333,560320692
4228,戬,1330,560322022
4229,呓,1325,560323347
4230,佻,1324,560324671
4231,脐,1324,560325995
4232,陨,1321,560327316
4233,潢,1318,560328634
4234,腌,1318,560329952
4235,傀,1310,560331262
4236,硅,1306,560332568
4237,孪,1304,560333872
4238,徵,1303,560335175
4239,嗄,1302,560336477
4240,籽,1302,560337779
4241,荏,1300,560339079
4242,柑,1298,560340377
4243,螳,1298,560341675
4244,膘,1297,560342972
4245,戛,1296,560344268
4246,秆,1296,560345564
4247,澹,1295,560346859
4248,诩,1294,560348153
4249,峋,1292,560349445
4250,阂,1289,560350734
4251,箩,1289,560352023
4252,杞,1288,560353311
4253,豚,1287,560354598
4254,帼,1285,560355883
4255,蹂,1284,560357167
4256,蜗,1283,560358450
4257,泱,1281,560359731
4258,鹞,1274,560361005
4259,阪,1271,560362276
4260,猱,1269,560363545
4261,臧,1268,560364813
4262,肪,1259,560366072
4263,嵇,1257,560367329
4264,怏,1255,560368584
4265,掰,1246,560369830
4266,熹,1243,560371073
4267,梆,1237,560372310
4268,蜕,1233,560373543
4269,艮,1233,560374776
4270,嘭,1231,560376007
4271,昶,1231,560377238
4272,掖,1231,560378469
4273,陲,1231,560379700
4274,揶,1229,560380929
4275,铨,1227,560382156
4276,椭,1222,560383378
4277,珩,1217,560384595
4278,啮,1216,560385811
4279,剽,1214,560387025
4280,饷,1214,560388239
4281,娉,1213,560389452
4282,嫱,1212,560390664
4283,骈,1211,560391875
4284,仄,1208,560393083
4285,孵,1208,560394291
4286,汴,1205,560395496
4287,躏,1203,560396699
4288,贲,1203,560397902
4289,遑,1201,560399103
4290,忸,1200,560400303
4291,镌,1200,560401503
4292,粼,1196,560402699
4293,岌,1196,560403895
4294,骛,1195,560405090
4295,蔻,1194,560406284
4296,蜻,1191,560407475
4297,皿,1190,560408665
4298,逅,1190,560409855
4299,抨,1186,560411041
4300,柩,1180,560412221
4301,秸,1180,560413401
4302,娣,1180,560414581
4303,狷,1180,560415761
4304,娑,1179,560416940
4305,莅,1177,560418117
4306,骞,1176,560419293
4307,俑,1176,560420469
4308,媪,1176,560421645
4309,蔗,1175,560422820
4310,碾,1172,560423992
4311,荞,1169,560425161
4312,颧,1169,560426330
4313,纾,1167,560427497
4314,撅,1165,560428662
4315,嫒,1165,560429827
4316,垠,1161,560430988
4317,徇,1161,560432149
4318,俾,1158,560433307
4319,荟,1156,560434463
4320,囡,1154,560435617
4321,叵,1150,560436767
4322,诮,1150,560437917
4323,宕,1149,560439066
4324,骠,1147,560440213
4325,鬈,1144,560441357
4326,哒,1144,560442501
4327,邂,1142,560443643
4328,斓,1141,560444784
4329,怩,1140,560445924
4330,蘸,1137,560447061
4331,狒,1136,560448197
4332,蜚,1132,560449329
4333,晾,1129,560450458
4334,倨,1129,560451587
4335,瑗,1128,560452715
4336,牒,1123,560453838
4337,怵,1120,560454958
4338,诙,1119,560456077
4339,佞,1119,560457196
4340,雹,1117,560458313
4341,铀,1117,560459430
4342,氢,1112,560460542
4343,淙,1111,560461653
4344,濂,1108,560462761
4345,灸,1106,560463867
4346,忻,1106,560464973
4347,箸,1106,560466079
4348,挞,1105,560467184
4349,蕲,1104,560468288
4350,踮,1103,560469391
4351,邋,1101,560470492
4352,懔,1101,560471593
4353,蘑,1100,560472693
4354,诽,1099,560473792
4355,髭,1098,560474890
4356,樟,1093,560475983
4357,橇,1091,560477074
4358,儡,1091,560478165
4359,迩,1087,560479252
4360,佃,1087,560480339
4361,蜓,1085,560481424
4362,嶙,1084,560482508
4363,恽,1083,560483591
4364,啕,1083,560484674
4365,氲,1082,560485756
4366,盥,1082,560486838
4367,栉,1082,560487920
4368,衢,1082,560489002
4369,麝,1081,560490083
4370,匍,1081,560491164
4371,飨,1079,560492243
4372,罹,1076,560493319
4373,泠,1074,560494393
4374,轾,1074,560495467
4375,锢,1073,560496540
4376,磬,1073,560497613
4377,酵,1071,560498684
4378,魇,1071,560499755
4379,匮,1067,560500822
4380,瘠,1064,560501886
4381,龌,1061,560502947
4382,龊,1061,560504008
4383,泅,1060,560505068
4384,琰,1059,560506127
4385,潍,1054,560507181
4386,聒,1053,560508234
4387,侏,1050,560509284
4388,禧,1048,560510332
4389,楔,1046,560511378
4390,恹,1043,560512421
4391,锹,1043,560513464
4392,刎,1041,560514505
4393,隍,1040,560515545
4394,勖,1039,560516584
4395,遢,1039,560517623
4396,赊,1036,560518659
4397,珈,1032,560519691
4398,胫,1031,560520722
4399,抠,1030,560521752
4400,谟,1029,560522781
4401,沏,1029,560523810
4402,氤,1028,560524838
4403,姝,1026,560525864
4404,垛,1025,560526889
4405,螃,1024,560527913
4406,猷,1024,560528937
4407,劾,1023,560529960
4408,讴,1015,560530975
4409,弈,1013,560531988
4410,潸,1012,560533000
4411,腴,1012,560534012
4412,鸢,1012,560535024
4413,荑,1012,560536036
4414,町,1011,560537047
4415,坯,1009,560538056
4416,锲,1008,560539064
4417,酗,1005,560540069
4418,彗,1003,560541072
4419,飚,999,560542071
4420,铠,999,560543070
4421,濯,993,560544063
4422,噼,992,560545055
4423,耦,991,560546046
4424,旎,989,560547035
4425,茁,985,560548020
4426,嗬,984,560549004
4427,绦,982,560549986
4428,蟑,981,560550967
4429,琮,981,560551948
4430,诳,979,560552927
4431,蜃,975,560553902
4432,沱,975,560554877
4433,闾,971,560555848
4434,鳗,969,560556817
4435,恂,968,560557785
4436,谗,967,560558752
4437,缜,966,560559718
4438,摈,964,560560682
4439,猬,962,560561644
4440,卅,961,560562605
4441,佶,960,560563565
4442,澧,959,560564524
4443,戌,958,560565482
4444,迤,957,560566439
4445,骊,955,560567394
4446,锏,954,560568348
4447,攥,953,560569301
4448,臬,951,560570252
4449,洱,949,560571201
4450,耙,948,560572149
4451,玖,945,560573094
4452,驷,945,560574039
4453,氅,945,560574984
4454,钜,944,560575928
4455,铢,944,560576872
4456,氨,942,560577814
4457,槁,942,560578756
4458,偻,941,560579697
4459,眇,938,560580635
4460,栾,931,560581566
4461,谀,930,560582496
4462,嘹,929,560583425
4463,鸷,927,560584352
4464,狎,926,560585278
4465,幄,926,560586204
4466,氯,924,560587128
4467,祛,924,560588052
4468,钙,918,560588970
4469,骜,918,560589888
4470,娩,916,560590804
4471,赳,916,560591720
4472,镳,915,560592635
4473,匐,915,560593550
4474,臃,911,560594461
4475,滂,910,560595371
4476,虱,909,560596280
4477,雉,909,560597189
4478,蛀,909,560598098
4479,蠊,907,560599005
4480,耆,905,560599910
4481,滢,905,560600815
4482,篝,904,560601719
4483,蓑,904,560602623
4484,伉,903,560603526
4485,辂,902,560604428
4486,歆,900,560605328
4487,遨,898,560606226
4488,弋,896,560607122
4489,蟋,893,560608015
4490,蹴,892,560608907
4491,礴,892,560609799
4492,堑,887,560610686
4493,傥,886,560611572
4494,樽,886,560612458
4495,仃,882,560613340
4496,皈,880,560614220
4497,崴,879,560615099
4498,蟀,878,560615977
4499,轶,877,560616854
4500,炷,873,560617727
4501,佝,872,560618599
4502,呶,869,560619468
4503,啖,867,560620335
4504,颌,865,560621200
4505,湮,864,560622064
4506,淅,863,560622927
4507,垸,861,560623788
4508,疹,860,560624648
4509,咂,858,560625506
4510,缇,858,560626364
4511,棂,857,560627221
4512,睥,857,560628078
4513,钛,857,560628935
4514,涪,857,560629792
4515,搴,855,560630647
4516,峥,851,560631498
4517,橹,849,560632347
4518,岷,848,560633195
4519,禺,847,560634042
4520,泾,846,560634888
4521,饪,842,560635730
4522,稔,838,560636568
4523,箬,838,560637406
4524,杼,834,560638240
4525,蛆,831,560639071
4526,獠,830,560639901
4527,莘,829,560640730
4528,庾,828,560641558
4529,豢,827,560642385
4530,仝,826,560643211
4531,蓁,826,560644037
4532,翳,823,560644860
4533,觐,821,560645681
4534,痨,819,560646500
4535,撷,816,560647316
4536,蹶,815,560648131
4537,钺,814,560648945
4538,裆,813,560649758
4539,兖,812,560650570
4540,懋,809,560651379
4541,僭,808,560652187
4542,馍,807,560652994
4543,佥,803,560653797
4544,呗,801,560654598
4545,谩,799,560655397
4546,锌,799,560656196
4547,粽,798,560656994
4548,剜,798,560657792
4549,喙,797,560658589
4550,贰,797,560659386
4551,蚤,797,560660183
4552,谪,794,560660977
4553,嵘,793,560661770
4554,祗,792,560662562
4555,诰,790,560663352
4556,箔,790,560664142
4557,绶,790,560664932
4558,鄢,790,560665722
4559,氮,789,560666511
4560,桠,788,560667299
4561,喁,788,560668087
4562,绌,787,560668874
4563,馔,786,560669660
4564,缮,783,560670443
4565,潞,781,560671224
4566,蚓,781,560672005
4567,牝,780,560672785
4568,搽,779,560673564
4569,嗷,778,560674342
4570,饨,777,560675119
4571,娆,777,560675896
4572,胛,777,560676673
4573,瑁,777,560677450
4574,忪,776,560678226
4575,辇,775,560679001
4576,阒,775,560679776
4577,帏,773,560680549
4578,峤,770,560681319
4579,磺,770,560682089
4580,酡,769,560682858
4581,泫,769,560683627
4582,猢,768,560684395
4583,銮,766,560685161
4584,仟,765,560685926
4585,殁,765,560686691
4586,诿,761,560687452
4587,浒,759,560688211
4588,嗝,757,560688968
4589,挎,756,560689724
4590,缙,755,560690479
4591,铣,752,560691231
4592,钏,749,560691980
4593,闳,745,560692725
4594,弁,744,560693469
4595,烷,744,560694213
4596,佗,744,560694957
4597,偈,742,560695699
4598,汨,741,560696440
4599,苯,741,560697181
4600,宥,740,560697921
4601,氟,739,560698660
4602,弭,735,560699395
4603,魈,732,560700127
4604,寮,732,560700859
4605,豌,732,560701591
4606,膻,731,560702322
4607,逡,727,560703049
4608,忾,725,560703774
4609,壬,724,560704498
4610,轼,724,560705222
4611,钠,722,560705944
4612,裱,719,560706663
4613,柚,717,560707380
4614,浃,717,560708097
4615,泸,717,560708814
4616,阕,717,560709531
4617,圩,716,560710247
4618,岫,714,560710961
4619,蚯,712,560711673
4620,汐,703,560712376
4621,裨,702,560713078
4622,孱,702,560713780
4623,菠,700,560714480
4624,蜍,699,560715179
4625,蘅,698,560715877
4626,渚,698,560716575
4627,傩,698,560717273
4628,蒿,693,560717966
4629,蛔,693,560718659
4630,砺,692,560719351
4631,淖,692,560720043
4632,疟,691,560720734
4633,榈,690,560721424
4634,牦,689,560722113
4635,篑,688,560722801
4636,诓,687,560723488
4637,螫,687,560724175
4638,殛,685,560724860
4639,罄,684,560725544
4640,黜,682,560726226
4641,斛,681,560726907
4642,褓,681,560727588
4643,塾,679,560728267
4644,畦,678,560728945
4645,痢,678,560729623
4646,埂,677,560730300
4647,酊,674,560730974
4648,佚,673,560731647
4649,竽,672,560732319
4650,悒,672,560732991
4651,葩,671,560733662
4652,祚,670,560734332
4653,馊,670,560735002
4654,虻,668,560735670
4655,燮,668,560736338
4656,鏖,666,560737004
4657,铧,665,560737669
4658,扪,665,560738334
4659,洙,664,560738998
4660,拮,663,560739661
4661,纭,660,560740321
4662,砧,660,560740981
4663,鳅,660,560741641
4664,衿,659,560742300
4665,酩,659,560742959
4666,獐,658,560743617
4667,绻,656,560744273
4668,砥,656,560744929
4669,诋,654,560745583
4670,圜,654,560746237
4671,纰,653,560746890
4672,椽,653,560747543
4673,笞,652,560748195
4674,榔,649,560748844
4675,脍,648,560749492
4676,钿,646,560750138
4677,孑,646,560750784
4678,邺,645,560751429
4679,夯,643,560752072
4680,傣,643,560752715
4681,溥,640,560753355
4682,檄,640,560753995
4683,鲲,640,560754635
4684,矾,635,560755270
4685,楹,634,560755904
4686,镫,634,560756538
4687,涫,634,560757172
4688,怫,633,560757805
4689,舸,633,560758438
4690,弑,632,560759070
4691,擢,629,560759699
4692,蹇,628,560760327
4693,殇,628,560760955
4694,魑,627,560761582
4695,黍,626,560762208
4696,艄,625,560762833
4697,磔,625,560763458
4698,夔,625,560764083
4699,赍,624,560764707
4700,绔,622,560765329
4701,犒,622,560765951
4702,闼,621,560766572
4703,浔,621,560767193
4704,姘,619,560767812
4705,缱,618,560768430
4706,婧,617,560769047
4707,娲,617,560769664
4708,懑,616,560770280
4709,铤,614,560770894
4710,讵,613,560771507
4711,耷,611,560772118
4712,墉,609,560772727
4713,钲,609,560773336
4714,崂,609,560773945
4715,颏,608,560774553
4716,衮,608,560775161
4717,觞,607,560775768
4718,蒺,607,560776375
4719,畿,606,560776981
4720,遒,605,560777586
4721,掼,604,560778190
4722,蠡,603,560778793
4723,糠,603,560779396
4724,襁,600,560779996
4725,趄,600,560780596
4726,奁,596,560781192
4727,摞,595,560781787
4728,鹑,592,560782379
4729,忝,592,560782971
4730,錾,590,560783561
4731,轸,590,560784151
4732,壹,590,560784741
4733,碉,588,560785329
4734,踽,585,560785914
4735,缢,585,560786499
4736,刍,584,560787083
4737,嗑,582,560787665
4738,熵,582,560788247
4739,囿,582,560788829
4740,爿,582,560789411
4741,牍,582,560789993
4742,痘,581,560790574
4743,饬,581,560791155
4744,邈,580,560791735
4745,罂,579,560792314
4746,郗,579,560792893
4747,钾,578,560793471
4748,琊,577,560794048
4749,衽,576,560794624
4750,蚩,576,560795200
4751,眦,574,560795774
4752,伧,573,560796347
4753,樾,572,560796919
4754,薏,572,560797491
4755,莆,572,560798063
4756,窠,570,560798633
4757,矍,569,560799202
4758,撺,568,560799770
4759,挈,568,560800338
4760,仡,566,560800904
4761,咝,566,560801470
4762,唳,564,560802034
4763,鸩,561,560802595
4764,袤,561,560803156
4765,韭,560,560803716
4766,梏,559,560804275
4767,獭,556,560804831
4768,喑,554,560805385
4769,潋,554,560805939
4770,冼,553,560806492
4771,湎,553,560807045
4772,轲,552,560807597
4773,馄,552,560808149
4774,愎,552,560808701
4775,镛,551,560809252
4776,哔,550,560809802
4777,烊,550,560810352
4778,膑,548,560810900
4779,铡,547,560811447
4780,狯,544,560811991
4781,徉,544,560812535
4782,颍,543,560813078
4783,隗,543,560813621
4784,菏,538,560814159
4785,谡,536,560814695
4786,酶,535,560815230
4787,谔,534,560815764
4788,腓,534,560816298
4789,翕,534,560816832
4790,貉,532,560817364
4791,喵,532,560817896
4792,棹,530,560818426
4793,蛐,526,560818952
4794,滦,526,560819478
4795,囤,524,560820002
4796,鲫,524,560820526
4797,癯,524,560821050
4798,噻,521,560821571
4799,涿,521,560822092
4800,暹,520,560822612
4801,楫,519,560823131
4802,鹘,519,560823650
4803,庖,519,560824169
4804,睾,519,560824688
4805,逦,519,560825207
4806,俚,518,560825725
4807,姹,518,560826243
4808,桎,517,560826760
4809,铉,517,560827277
4810,徜,516,560827793
4811,怼,516,560828309
4812,藓,515,560828824
4813,郅,514,560829338
4814,涮,513,560829851
4815,欤,512,560830363
4816,欹,511,560830874
4817,箧,510,560831384
4818,糯,510,560831894
4819,圻,509,560832403
4820,戕,509,560832912
4821,屐,507,560833419
4822,胰,507,560833926
4823,觥,506,560834432
4824,噱,505,560834937
4825,踅,505,560835442
4826,柢,505,560835947
4827,雠,504,560836451
4828,揆,503,560836954
4829,邡,502,560837456
4830,陂,502,560837958
4831,怄,501,560838459
4832,炀,498,560838957
4833,悌,497,560839454
4834,镁,497,560839951
4835,癣,495,560840446
4836,擤,495,560840941
4837,蜥,495,560841436
4838,萋,494,560841930
4839,铄,494,560842424
4840,阡,494,560842918
4841,蜴,492,560843410
4842,邕,491,560843901
4843,醮,489,560844390
4844,儆,489,560844879
4845,瞽,486,560845365
4846,彀,485,560845850
4847,锷,485,560846335
4848,邛,484,560846819
4849,濠,482,560847301
4850,漕,481,560847782
4851,徕,481,560848263
4852,鹜,479,560848742
4853,豕,479,560849221
4854,愆,479,560849700
4855,玳,476,560850176
4856,饴,476,560850652
4857,砒,475,560851127
4858,佰,475,560851602
4859,羸,473,560852075
4860,钅,472,560852547
4861,睢,470,560853017
4862,莒,469,560853486
4863,裾,469,560853955
4864,噔,468,560854423
4865,痫,468,560854891
4866,篁,467,560855358
4867,锉,466,560855824
4868,郦,466,560856290
4869,赭,465,560856755
4870,辚,462,560857217
4871,镍,462,560857679
4872,釉,461,560858140
4873,獒,460,560858600
4874,橐,459,560859059
4875,畲,459,560859518
4876,炔,457,560859975
4877,蒯,456,560860431
4878,麋,456,560860887
4879,苒,455,560861342
4880,砭,454,560861796
4881,莠,454,560862250
4882,榷,454,560862704
4883,逖,452,560863156
4884,滓,452,560863608
4885,肛,450,560864058
4886,瓯,450,560864508
4887,杷,449,560864957
4888,颢,449,560865406
4889,舢,449,560865855
4890,瞵,448,560866303
4891,誊,447,560866750
4892,驽,447,560867197
4893,嶂,444,560867641
4894,蠹,440,560868081
4895,氵,440,560868521
4896,鲛,439,560868960
4897,菸,439,560869399
4898,遛,439,560869838
4899,繇,438,560870276
4900,寤,438,560870714
4901,狲,436,560871150
4902,搠,432,560871582
4903,笏,431,560872013
4904,荩,431,560872444
4905,奂,431,560872875
4906,遴,431,560873306
4907,夤,430,560873736
4908,靼,429,560874165
4909,猗,429,560874594
4910,烩,428,560875022
4911,楂,428,560875450
4912,疡,427,560875877
4913,鸪,427,560876304
4914,卟,427,560876731
4915,犄,426,560877157
4916,郴,426,560877583
4917,辎,422,560878005
4918,邾,421,560878426
4919,蝼,421,560878847
4920,爰,420,560879267
4921,孬,420,560879687
4922,跎,420,560880107
4923,鳝,420,560880527
4924,墀,418,560880945
4925,厝,416,560881361
4926,缦,415,560881776
4927,鱿,415,560882191
4928,粕,414,560882605
4929,僖,414,560883019
4930,耄,413,560883432
4931,诂,412,560883844
4932,鳍,411,560884255
4933,嵬,411,560884666
4934,酯,410,560885076
4935,蛎,409,560885485
4936,鳏,408,560885893
4937,囹,408,560886301
4938,仵,406,560886707
4939,啁,404,560887111
4940,靛,403,560887514
4941,樨,402,560887916
4942,馏,402,560888318
4943,嫫,401,560888719
4944,骧,400,560889119
4945,蛹,400,560889519
4946,鹧,398,560889917
4947,蝌,398,560890315
4948,黧,398,560890713
4949,谥,398,560891111
4950,闱,398,560891509
4951,鬻,397,560891906
4952,苫,397,560892303
4953,蹉,397,560892700
4954,拊,396,560893096
4955,铰,395,560893491
4956,邗,395,560893886
4957,粑,395,560894281
4958,牖,394,560894675
4959,唿,394,560895069
4960,搡,393,560895462
4961,醴,393,560895855
4962,赝,393,560896248
4963,淦,393,560896641
4964,焙,392,560897033
4965,恚,392,560897425
4966,囵,391,560897816
4967,陟,391,560898207
4968,燧,391,560898598
4969,牯,389,560898987
4970,菟,389,560899376
4971,阗,387,560899763
4972,赉,387,560900150
4973,祉,386,560900536
4974,侩,385,560900921
4975,龈,384,560901305
4976,苜,384,560901689
4977,擘,384,560902073
4978,杈,384,560902457
4979,奘,384,560902841
4980,碣,384,560903225
4981,殚,384,560903609
4982,掮,383,560903992
4983,骝,382,560904374
4984,焘,382,560904756
4985,亳,382,560905138
4986,鹳,382,560905520
4987,螭,381,560905901
4988,啭,380,560906281
4989,铬,380,560906661
4990,讣,379,560907040
4991,蚱,379,560907419
4992,膂,379,560907798
4993,笄,379,560908177
4994,咩,378,560908555
4995,呔,377,560908932
4996,褡,376,560909308
4997,骢,376,560909684
4998,纡,375,560910059
4999,跆,374,560910433
5000,鲑,374,560910807
5001,荥,374,560911181
5002,锗,373,560911554
5003,汞,371,560911925
5004,暝,371,560912296
5005,蓍,369,560912665
5006,疥,368,560913033
5007,郓,368,560913401
5008,哞,367,560913768
5009,骓,367,560914135
5010,饽,367,560914502
5011,帔,366,560914868
5012,廪,366,560915234
5013,綦,365,560915599
5014,钯,363,560915962
5015,罅,363,560916325
5016,幂,363,560916688
5017,揿,362,560917050
5018,胺,362,560917412
5019,锟,360,560917772
5020,馗,357,560918129
5021,枇,356,560918485
5022,篪,354,560918839
5023,毂,352,560919191
5024,薮,352,560919543
5025,锃,352,560919895
5026,湫,351,560920246
5027,鬣,350,560920596
5028,伥,349,560920945
5029,傧,349,560921294
5030,淼,349,560921643
5031,筮,348,560921991
5032,觯,348,560922339
5033,虢,347,560922686
5034,钤,347,560923033
5035,郄,347,560923380
5036,谯,346,560923726
5037,猕,346,560924072
5038,菅,345,560924417
5039,痍,344,560924761
5040,荚,343,560925104
5041,栀,343,560925447
5042,沆,341,560925788
5043,贽,340,560926128
5044,鸱,339,560926467
5045,韪,339,560926806
5046,裎,338,560927144
5047,煨,337,560927481
5048,躅,336,560927817
5049,囫,335,560928152
5050,汜,335,560928487
5051,欷,333,560928820
5052,舛,333,560929153
5053,媾,333,560929486
5054,榉,332,560929818
5055,秣,332,560930150
5056,墒,332,560930482
5057,茏,332,560930814
5058,砷,331,560931145
5059,呖,329,560931474
5060,铙,329,560931803
5061,酆,328,560932131
5062,疽,328,560932459
5063,枰,328,560932787
5064,蜢,326,560933113
5065,肱,326,560933439
5066,搦,326,560933765
5067,嘁,325,560934090
5068,酢,325,560934415
5069,俳,325,560934740
5070,缁,323,560935063
5071,哐,323,560935386
5072,踯,323,560935709
5073,顼,323,560936032
5074,鸶,322,560936354
5075,嶷,322,560936676
5076,蘧,322,560936998
5077,邳,322,560937320
5078,镞,321,560937641
5079,蠃,320,560937961
5080,砦,320,560938281
5081,妯,320,560938601
5082,淞,320,560938921
5083,柘,319,560939240
5084,羯,319,560939559
5085,茔,318,560939877
5086,椁,318,560940195
5087,漯,318,560940513
5088,沭,317,560940830
5089,趔,316,560941146
5090,讦,316,560941462
5091,磴,315,560941777
5092,鹂,314,560942091
5093,苻,314,560942405
5094,柙,314,560942719
5095,岍,314,560943033
5096,蜇,314,560943347
5097,葺,313,560943660
5098,呦,313,560943973
5099,蚋,313,560944286
5100,蜮,312,560944598
5101,镔,312,560944910
5102,妊,312,560945222
5103,蕨,312,560945534
5104,鹌,311,560945845
5105,岬,311,560946156
5106,诤,310,560946466
5107,谌,310,560946776
5108,婺,309,560947085
5109,滁,309,560947394
5110,祜,309,560947703
5111,蚨,309,560948012
5112,肓,308,560948320
5113,魍,308,560948628
5114,痔,308,560948936
5115,烃,306,560949242
5116,壅,306,560949548
5117,姒,305,560949853
5118,诨,304,560950157
5119,舂,304,560950461
5120,笳,304,560950765
5121,煊,304,560951069
5122,歙,303,560951372
5123,痂,303,560951675
5124,阍,302,560951977
5125,痼,302,560952279
5126,酮,301,560952580
5127,郧,301,560952881
5128,薨,301,560953182
5129,庠,300,560953482
5130,蚪,299,560953781
5131,杓,299,560954080
5132,诟,298,560954378
5133,俅,296,560954674
5134,柞,296,560954970
5135,阚,296,560955266
5136,鳟,296,560955562
5137,嵯,295,560955857
5138,娌,294,560956151
5139,葭,294,560956445
5140,曷,294,560956739
5141,柰,293,560957032
5142,雒,293,560957325
5143,缟,293,560957618
5144,圄,293,560957911
5145,蚝,293,560958204
5146,佘,293,560958497
5147,蓼,292,560958789
5148,疋,292,560959081
5149,逶,290,560959371
5150,杲,290,560959661
5151,胱,290,560959951
5152,蓿,289,560960240
5153,艹,289,560960529
5154,铱,288,560960817
5155,镬,286,560961103
5156,纥,284,560961387
5157,唢,284,560961671
5158,聩,284,560961955
5159,郜,283,560962238
5160,娠,283,560962521
5161,凫,283,560962804
5162,偾,281,560963085
5163,耋,281,560963366
5164,枸,281,560963647
5165,迨,280,560963927
5166,瓒,280,560964207
5167,乩,280,560964487
5168,迓,279,560964766
5169,悭,279,560965045
5170,蹰,278,560965323
5171,幛,278,560965601
5172,诒,278,560965879
5173,镭,278,560966157
5174,阆,277,560966434
5175,殄,276,560966710
5176,赅,276,560966986
5177,栎,275,560967261
5178,逑,275,560967536
5179,阼,275,560967811
5180,鼋,274,560968085
5181,枞,273,560968358
5182,啵,272,560968630
5183,侪,272,560968902
5184,硒,272,560969174
5185,愀,271,560969445
5186,鲈,271,560969716
5187,颛,270,560969986
5188,旃,270,560970256
5189,铩,269,560970525
5190,垓,269,560970794
5191,醢,269,560971063
5192,秭,269,560971332
5193,钴,269,560971601
5194,鸫,268,560971869
5195,怙,268,560972137
5196,裣,268,560972405
5197,皤,268,560972673
5198,餍,267,560972940
5199,垩,266,560973206
5200,砀,266,560973472
5201,伛,265,560973737
5202,螟,265,560974002
5203,曩,265,560974267
5204,悱,265,560974532
5205,轭,264,560974796
5206,犟,264,560975060
5207,蓣,263,560975323
5208,缒,263,560975586
5209,禳,263,560975849
5210,蕖,262,560976111
5211,屣,262,560976373
5212,蝈,262,560976635
5213,糅,261,560976896
5214,瓴,260,560977156
5215,焯,260,560977416
5216,硷,260,560977676
5217,镒,259,560977935
5218,饕,259,560978194
5219,抟,259,560978453
5220,亻,259,560978712
5221,浜,259,560978971
5222,篾,258,560979229
5223,湟,258,560979487
5224,呲,258,560979745
5225,裰,257,560980002
5226,趱,256,560980258
5227,襦,255,560980513
5228,陉,255,560980768
5229,稞,255,560981023
5230,魉,254,560981277
5231,摭,254,560981531
5232,稗,254,560981785
5233,蛭,254,560982039
5234,痈,253,560982292
5235,毽,252,560982544
5236,谶,252,560982796
5237,鹬,252,560983048
5238,戢,251,560983299
5239,崧,250,560983549
5240,锨,249,560983798
5241,镊,248,560984046
5242,孳,248,560984294
5243,脔,248,560984542
5244,疣,247,560984789
5245,骐,247,560985036
5246,缛,246,560985282
5247,鲟,245,560985527
5248,铵,245,560985772
5249,旯,244,560986016
5250,芨,244,560986260
5251,爻,244,560986504
5252,旄,244,560986748
5253,妁,243,560986991
5254,裢,243,560987234
5255,乜,243,560987477
5256,嘣,243,560987720
5257,踬,242,560987962
5258,茯,242,560988204
5259,侑,241,560988445
5260,樯,240,560988685
5261,猡,240,560988925
5262,氰,240,560989165
5263,龃,238,560989403
5264,鼍,238,560989641
5265,燠,237,560989878
5266,碓,237,560990115
5267,溧,236,560990351
5268,髫,236,560990587
5269,皴,236,560990823
5270,蓊,235,560991058
5271,旮,235,560991293
5272,嬗,235,560991528
5273,蜉,234,560991762
5274,穰,233,560991995
5275,麈,233,560992228
5276,讧,233,560992461
5277,槊,232,560992693
5278,玢,232,560992925
5279,馐,232,560993157
5280,掾,231,560993388
5281,坻,231,560993619
5282,蔫,231,560993850
5283,锰,231,560994081
5284,昝,230,560994311
5285,孛,230,560994541
5286,侉,230,560994771
5287,醍,229,560995000
5288,帙,229,560995229
5289,绐,229,560995458
5290,氐,228,560995686
5291,狺,228,560995914
5292,聃,228,560996142
5293,趺,228,560996370
5294,娈,227,560996597
5295,盍,226,560996823
5296,珙,225,560997048
5297,謇,225,560997273
5298,焖,225,560997498
5299,赓,225,560997723
5300,倥,224,560997947
5301,阄,224,560998171
5302,醪,224,560998395
5303,骘,223,560998618
5304,衩,223,560998841
5305,蹼,223,560999064
5306,煲,222,560999286
5307,苕,222,560999508
5308,龉,222,560999730
5309,踟,222,560999952
5310,虺,222,561000174
5311,扦,220,561000394
5312,嗵,218,561000612
5313,妗,218,561000830
5314,怛,217,561001047
5315,瀣,217,561001264
5316,訇,217,561001481
5317,傈,216,561001697
5318,铆,216,561001913
5319,縻,216,561002129
5320,雩,215,561002344
5321,钎,215,561002559
5322,缫,214,561002773
5323,菽,214,561002987
5324,豸,213,561003200
5325,尕,213,561003413
5326,洮,212,561003625
5327,萸,212,561003837
5328,竦,212,561004049
5329,洎,212,561004261
5330,簟,211,561004472
5331,疱,211,561004683
5332,灞,211,561004894
5333,徼,211,561005105
5334,轳,211,561005316
5335,荠,211,561005527
5336,珥,210,561005737
5337,屦,210,561005947
5338,帻,210,561006157
5339,鞅,209,561006366
5340,碜,209,561006575
5341,摁,209,561006784
5342,刈,208,561006992
5343,潆,208,561007200
5344,庑,208,561007408
5345,鲧,207,561007615
5346,崃,207,561007822
5347,碇,207,561008029
5348,辊,207,561008236
5349,苎,207,561008443
5350,坨,206,561008649
5351,硼,205,561008854
5352,妣,205,561009059
5353,堞,205,561009264
5354,耒,204,561009468
5355,跹,204,561009672
5356,赀,203,561009875
5357,苡,203,561010078
5358,拶,203,561010281
5359,哙,202,561010483
5360,璩,202,561010685
5361,怍,202,561010887
5362,丌,202,561011089
5363,鲠,202,561011291
5364,鹈,202,561011493
5365,汊,202,561011695
5366,镗,202,561011897
5367,籼,201,561012098
5368,楝,201,561012299
5369,莴,200,561012499
5370,猊,200,561012699
5371,扃,199,561012898
5372,瘢,199,561013097
5373,肄,198,561013295
5374,撄,198,561013493
5375,逄,198,561013691
5376,黼,197,561013888
5377,桡,197,561014085
5378,醐,197,561014282
5379,趿,197,561014479
5380,藁,196,561014675
5381,霰,196,561014871
5382,澍,196,561015067
5383,儋,196,561015263
5384,渑,194,561015457
5385,珲,194,561015651
5386,洌,194,561015845
5387,邰,194,561016039
5388,桁,192,561016231
5389,瘗,192,561016423
5390,缗,191,561016614
5391,沤,191,561016805
5392,噌,191,561016996
5393,哓,191,561017187
5394,蚜,191,561017378
5395,庥,190,561017568
5396,螨,190,561017758
5397,荜,190,561017948
5398,玎,190,561018138
5399,豉,190,561018328
5400,岿,190,561018518
5401,睚,190,561018708
5402,鹕,189,561018897
5403,疴,188,561019085
5404,溘,188,561019273
5405,钒,187,561019460
5406,苣,187,561019647
5407,刖,187,561019834
5408,荇,187,561020021
5409,詈,186,561020207
5410,缯,186,561020393
5411,舨,186,561020579
5412,稹,185,561020764
5413,罘,185,561020949
5414,彘,185,561021134
5415,孢,185,561021319
5416,穑,184,561021503
5417,橛,183,561021686
5418,犭,183,561021869
5419,齑,183,561022052
5420,愍,183,561022235
5421,纛,183,561022418
5422,溏,182,561022600
5423,蓖,182,561022782
5424,钡,181,561022963
5425,卺,181,561023144
5426,鹪,180,561023324
5427,逋,180,561023504
5428,薜,180,561023684
5429,岘,179,561023863
5430,鳕,179,561024042
5431,跖,179,561024221
5432,佤,179,561024400
5433,盱,178,561024578
5434,亍,177,561024755
5435,芄,177,561024932
5436,蝮,176,561025108
5437,螯,176,561025284
5438,徂,176,561025460
5439,觌,176,561025636
5440,魃,176,561025812
5441,钚,176,561025988
5442,髀,175,561026163
5443,囝,175,561026338
5444,訾,175,561026513
5445,蝣,175,561026688
5446,扌,174,561026862
5447,栊,174,561027036
5448,瓤,174,561027210
5449,涞,174,561027384
5450,祆,173,561027557
5451,埸,173,561027730
5452,絷,172,561027902
5453,叻,172,561028074
5454,帑,171,561028245
5455,篦,171,561028416
5456,锒,171,561028587
5457,觇,169,561028756
5458,泮,169,561028925
5459,诎,169,561029094
5460,槿,168,561029262
5461,蘼,168,561029430
5462,眄,166,561029596
5463,褙,166,561029762
5464,蕤,166,561029928
5465,锱,165,561030093
5466,珐,165,561030258
5467,槎,165,561030423
5468,媵,165,561030588
5469,卮,165,561030753
5470,甑,164,561030917
5471,瓠,164,561031081
5472,殂,164,561031245
5473,歃,164,561031409
5474,矸,164,561031573
5475,酰,163,561031736
5476,锂,163,561031899
5477,戆,163,561032062
5478,踣,163,561032225
5479,沔,163,561032388
5480,茌,162,561032550
5481,樗,162,561032712
5482,胪,162,561032874
5483,粳,162,561033036
5484,觚,161,561033197
5485,褊,160,561033357
5486,苴,160,561033517
5487,嘬,160,561033677
5488,枥,160,561033837
5489,峄,160,561033997
5490,箪,159,561034156
5491,蹀,159,561034315
5492,渌,158,561034473
5493,翥,157,561034630
5494,龋,157,561034787
5495,晷,156,561034943
5496,擀,156,561035099
5497,铳,156,561035255
5498,阋,156,561035411
5499,菖,155,561035566
5500,圮,155,561035721
5501,缣,155,561035876
5502,狻,155,561036031
5503,酚,155,561036186
5504,疸,154,561036340
5505,椴,154,561036494
5506,茕,154,561036648
5507,楮,153,561036801
5508,莜,153,561036954
5509,荦,153,561037107
5510,嵊,153,561037260
5511,溴,152,561037412
5512,砣,152,561037564
5513,绂,152,561037716
5514,轫,152,561037868
5515,剡,152,561038020
5516,颡,152,561038172
5517,圉,152,561038324
5518,骖,152,561038476
5519,嬖,152,561038628
5520,祢,151,561038779
5521,蚬,151,561038930
5522,樘,150,561039080
5523,笥,150,561039230
5524,垅,150,561039380
5525,氦,150,561039530
5526,塬,150,561039680
5527,薹,150,561039830
5528,苌,149,561039979
5529,舯,148,561040127
5530,菹,148,561040275
5531,趸,148,561040423
5532,舁,147,561040570
5533,蛩,147,561040717
5534,蛄,146,561040863
5535,雎,146,561041009
5536,腱,146,561041155
5537,阊,146,561041301
5538,鼐,146,561041447
5539,氖,145,561041592
5540,铊,145,561041737
5541,谵,145,561041882
5542,翮,145,561042027
5543,溷,143,561042170
5544,诜,143,561042313
5545,昴,143,561042456
5546,鼹,143,561042599
5547,荨,143,561042742
5548,隰,143,561042885
5549,鄞,143,561043028
5550,苋,143,561043171
5551,肽,142,561043313
5552,抻,142,561043455
5553,疠,142,561043597
5554,髡,142,561043739
5555,阃,141,561043880
5556,咣,141,561044021
5557,馑,140,561044161
5558,爨,140,561044301
5559,芘,140,561044441
5560,笤,140,561044581
5561,谘,140,561044721
5562,砻,140,561044861
5563,砝,139,561045000
5564,轱,139,561045139
5565,驺,139,561045278
5566,圯,139,561045417
5567,犴,139,561045556
5568,棰,139,561045695
5569,镝,139,561045834
5570,彖,139,561045973
5571,酽,138,561046111
5572,鼬,138,561046249
5573,飧,138,561046387
5574,垭,138,561046525
5575,髋,137,561046662
5576,埴,137,561046799
5577,僳,136,561046935
5578,燔,136,561047071
5579,孥,136,561047207
5580,朐,136,561047343
5581,仨,135,561047478
5582,悛,135,561047613
5583,嘏,135,561047748
5584,罴,135,561047883
5585,镢,135,561048018
5586,琚,134,561048152
5587,腭,134,561048286
5588,捩,134,561048420
5589,隹,133,561048553
5590,喱,133,561048686
5591,栲,133,561048819
5592,跣,132,561048951
5593,筌,132,561049083
5594,鳃,132,561049215
5595,崮,132,561049347
5596,辏,131,561049478
5597,愦,131,561049609
5598,膈,131,561049740
5599,淝,130,561049870
5600,罟,130,561050000
5601,蚵,130,561050130
5602,陬,130,561050260
5603,廛,130,561050390
5604,蒗,129,561050519
5605,崤,129,561050648
5606,篚,128,561050776
5607,堀,127,561050903
5608,杌,127,561051030
5609,妫,127,561051157
5610,洄,127,561051284
5611,麂,127,561051411
5612,窨,127,561051538
5613,畚,127,561051665
5614,矽,127,561051792
5615,貅,126,561051918
5616,褫,126,561052044
5617,笾,126,561052170
5618,劬,126,561052296
5619,旒,125,561052421
5620,戡,125,561052546
5621,圹,125,561052671
5622,疖,125,561052796
5623,榫,125,561052921
5624,勐,124,561053045
5625,檠,124,561053169
5626,跸,124,561053293
5627,廨,123,561053416
5628,莳,123,561053539
5629,邴,123,561053662
5630,碚,123,561053785
5631,狍,123,561053908
5632,碛,123,561054031
5633,黩,123,561054154
5634,艽,123,561054277
5635,钨,123,561054400
5636,栳,122,561054522
5637,髑,122,561054644
5638,兕,121,561054765
5639,纟,121,561054886
5640,挢,121,561055007
5641,镪,121,561055128
5642,杪,121,561055249
5643,棼,121,561055370
5644,菰,121,561055491
5645,桉,121,561055612
5646,偬,120,561055732
5647,郯,120,561055852
5648,鎏,119,561055971
5649,谰,119,561056090
5650,陔,119,561056209
5651,遄,119,561056328
5652,逭,119,561056447
5653,黻,119,561056566
5654,籀,119,561056685
5655,郾,118,561056803
5656,嚯,118,561056921
5657,菀,118,561057039
5658,莼,118,561057157
5659,锴,118,561057275
5660,畋,117,561057392
5661,鬯,117,561057509
5662,籴,116,561057625
5663,桷,116,561057741
5664,蛉,116,561057857
5665,蘖,115,561057972
5666,呤,115,561058087
5667,糌,115,561058202
5668,茛,115,561058317
5669,虿,115,561058432
5670,怿,115,561058547
5671,鞣,115,561058662
5672,缶,114,561058776
5673,唣,114,561058890
5674,餮,114,561059004
5675,谮,114,561059118
5676,屺,114,561059232
5677,捭,113,561059345
5678,暌,113,561059458
5679,悫,113,561059571
5680,黥,113,561059684
5681,狴,112,561059796
5682,刳,112,561059908
5683,鞫,112,561060020
5684,祧,112,561060132
5685,鹣,112,561060244
5686,鲔,112,561060356
5687,萆,112,561060468
5688,廴,112,561060580
5689,鬲,112,561060692
5690,眙,112,561060804
5691,醛,112,561060916
5692,溆,111,561061027
5693,硐,111,561061138
5694,酹,111,561061249
5695,聱,111,561061360
5696,莪,111,561061471
5697,獾,111,561061582
5698,箨,110,561061692
5699,燹,110,561061802
5700,缬,109,561061911
5701,楸,109,561062020
5702,诔,109,561062129
5703,痧,109,561062238
5704,缃,109,561062347
5705,醚,108,561062455
5706,峁,108,561062563
5707,辶,108,561062671
5708,蒹,108,561062779
5709,鲭,108,561062887
5710,麇,108,561062995
5711,鹚,108,561063103
5712,榇,107,561063210
5713,鲇,107,561063317
5714,绀,107,561063424
5715,隳,107,561063531
5716,蜊,107,561063638
5717,箜,106,561063744
5718,蕈,106,561063850
5719,慝,106,561063956
5720,梃,106,561064062
5721,倮,106,561064168
5722,缌,106,561064274
5723,蒡,106,561064380
5724,檩,106,561064486
5725,箐,106,561064592
5726,埕,106,561064698
5727,篌,105,561064803
5728,捌,105,561064908
5729,螅,105,561065013
5730,枨,105,561065118
5731,喈,105,561065223
5732,腈,105,561065328
5733,仉,104,561065432
5734,隈,104,561065536
5735,蟊,104,561065640
5736,跬,104,561065744
5737,唑,103,561065847
5738,粜,102,561065949
5739,笫,102,561066051
5740,椤,102,561066153
5741,槭,101,561066254
5742,鲥,101,561066355
5743,耜,101,561066456
5744,喾,101,561066557
5745,舡,101,561066658
5746,胝,101,561066759
5747,尻,101,561066860
5748,鄯,101,561066961
5749,畈,100,561067061
5750,怃,100,561067161
5751,葸,100,561067261
5752,裥,100,561067361
5753,瘰,100,561067461
5754,徭,100,561067561
5755,鲵,100,561067661
5756,痿,100,561067761
5757,匏,99,561067860
5758,湔,99,561067959
5759,睃,99,561068058
5760,伢,99,561068157
5761,锑,99,561068256
5762,骀,98,561068354
5763,醯,98,561068452
5764,榘,98,561068550
5765,蟮,98,561068648
5766,恝,98,561068746
5767,垴,98,561068844
5768,芾,98,561068942
5769,勰,97,561069039
5770,瘳,97,561069136
5771,胼,97,561069233
5772,浼,96,561069329
5773,宄,96,561069425
5774,垆,96,561069521
5775,芰,96,561069617
5776,埙,96,561069713
5777,洹,96,561069809
5778,媸,96,561069905
5779,蠲,96,561070001
5780,鼙,96,561070097
5781,腚,95,561070192
5782,敉,95,561070287
5783,貔,95,561070382
5784,鸹,95,561070477
5785,筲,94,561070571
5786,鲽,94,561070665
5787,趑,94,561070759
5788,毖,94,561070853
5789,硌,94,561070947
5790,浠,94,561071041
5791,癜,94,561071135
5792,铂,94,561071229
5793,鏊,93,561071322
5794,柽,93,561071415
5795,忄,93,561071508
5796,尢,93,561071601
5797,缧,93,561071694
5798,筇,93,561071787
5799,舄,93,561071880
5800,饔,93,561071973
5801,椹,92,561072065
5802,粝,92,561072157
5803,椋,92,561072249
5804,铖,92,561072341
5805,枋,92,561072433
5806,钼,92,561072525
5807,圪,91,561072616
5808,芗,91,561072707
5809,麸,91,561072798
5810,椟,91,561072889
5811,胙,91,561072980
5812,疔,90,561073070
5813,藿,90,561073160
5814,鲶,90,561073250
5815,仫,89,561073339
5816,嘞,89,561073428
5817,羼,89,561073517
5818,犍,89,561073606
5819,簋,89,561073695
5820,慊,89,561073784
5821,郛,88,561073872
5822,瘿,88,561073960
5823,揎,88,561074048
5824,鲂,88,561074136
5825,坼,88,561074224
5826,殍,87,561074311
5827,撸,87,561074398
5828,嗉,87,561074485
5829,茭,87,561074572
5830,瘘,86,561074658
5831,滹,86,561074744
5832,畀,86,561074830
5833,凼,86,561074916
5834,泔,85,561075001
5835,凇,85,561075086
5836,旆,85,561075171
5837,簏,85,561075256
5838,阝,85,561075341
5839,鲎,85,561075426
5840,儇,85,561075511
5841,糍,85,561075596
5842,狨,85,561075681
5843,屙,84,561075765
5844,枳,84,561075849
5845,殳,84,561075933
5846,刿,84,561076017
5847,馕,84,561076101
5848,芪,84,561076185
5849,趵,83,561076268
5850,鲋,83,561076351
5851,埽,83,561076434
5852,眚,83,561076517
5853,砉,83,561076600
5854,芟,83,561076683
5855,萁,83,561076766
5856,笊,83,561076849
5857,昃,83,561076932
5858,黢,83,561077015
5859,鸬,83,561077098
5860,莩,82,561077180
5861,绁,82,561077262
5862,崦,82,561077344
5863,莨,82,561077426
5864,塍,82,561077508
5865,沣,81,561077589
5866,桫,81,561077670
5867,褰,81,561077751
5868,颃,81,561077832
5869,潲,81,561077913
5870,蓥,81,561077994
5871,柝,80,561078074
5872,秫,80,561078154
5873,鲱,80,561078234
5874,蹁,80,561078314
5875,顸,80,561078394
5876,贶,80,561078474
5877,郇,80,561078554
5878,煅,79,561078633
5879,筚,79,561078712
5880,缑,79,561078791
5881,戗,79,561078870
5882,蠖,79,561078949
5883,狳,79,561079028
5884,葑,79,561079107
5885,龀,78,561079185
5886,佾,78,561079263
5887,鳜,78,561079341
5888,缡,77,561079418
5889,暾,77,561079495
5890,忭,77,561079572
5891,痖,77,561079649
5892,颟,76,561079725
5893,锞,76,561079801
5894,躞,76,561079877
5895,溽,76,561079953
5896,糁,76,561080029
5897,埭,76,561080105
5898,曛,75,561080180
5899,仳,75,561080255
5900,鲢,75,561080330
5901,晡,75,561080405
5902,哏,75,561080480
5903,茑,75,561080555
5904,谠,75,561080630
5905,槲,75,561080705
5906,牾,75,561080780
5907,埒,75,561080855
5908,哜,74,561080929
5909,澌,74,561081003
5910,毵,74,561081077
5911,楦,74,561081151
5912,踔,74,561081225
5913,锶,74,561081299
5914,呒,73,561081372
5915,髹,73,561081445
5916,阏,73,561081518
5917,讠,73,561081591
5918,遘,73,561081664
5919,柁,73,561081737
5920,澶,73,561081810
5921,苘,73,561081883
5922,砑,72,561081955
5923,觳,72,561082027
5924,谳,72,561082099
5925,瘥,72,561082171
5926,郏,72,561082243
5927,桴,72,561082315
5928,嫠,72,561082387
5929,蛱,72,561082459
5930,跫,72,561082531
5931,氡,72,561082603
5932,砼,72,561082675
5933,镉,72,561082747
5934,鞯,71,561082818
5935,槠,71,561082889
5936,簦,71,561082960
5937,缵,71,561083031
5938,侔,71,561083102
5939,猓,71,561083173
5940,饩,71,561083244
5941,蕞,71,561083315
5942,獬,70,561083385
5943,芎,70,561083455
5944,庹,70,561083525
5945,疝,69,561083594
5946,蚶,69,561083663
5947,饧,69,561083732
5948,礅,69,561083801
5949,笪,69,561083870
5950,衤,69,561083939
5951,黹,68,561084007
5952,腩,68,561084075
5953,觏,68,561084143
5954,檗,68,561084211
5955,晗,68,561084279
5956,笸,67,561084346
5957,肫,67,561084413
5958,薤,67,561084480
5959,荛,67,561084547
5960,蛴,66,561084613
5961,僬,66,561084679
5962,蟥,66,561084745
5963,茆,65,561084810
5964,酲,65,561084875
5965,埤,65,561084940
5966,嗾,65,561085005
5967,柒,65,561085070
5968,哕,65,561085135
5969,窬,65,561085200
5970,僦,64,561085264
5971,霪,64,561085328
5972,瞀,64,561085392
5973,攮,64,561085456
5974,菘,64,561085520
5975,旰,64,561085584
5976,焐,64,561085648
5977,痱,64,561085712
5978,埝,64,561085776
5979,萘,63,561085839
5980,鲷,63,561085902
5981,葚,63,561085965
5982,郫,63,561086028
5983,耨,63,561086091
5984,悝,63,561086154
5985,渖,63,561086217
5986,溲,63,561086280
5987,裼,62,561086342
5988,毳,62,561086404
5989,涑,62,561086466
5990,铯,61,561086527
5991,蔌,61,561086588
5992,谝,61,561086649
5993,馓,61,561086710
5994,糸,61,561086771
5995,幞,61,561086832
5996,觜,61,561086893
5997,濉,61,561086954
5998,戥,60,561087014
5999,祓,60,561087074
6000,蒉,60,561087134
6001,蓐,60,561087194
6002,螽,60,561087254
6003,躐,60,561087314
6004,擐,60,561087374
6005,逯,60,561087434
6006,铋,60,561087494
6007,綮,60,561087554
6008,蝥,59,561087613
6009,艉,59,561087672
6010,芡,59,561087731
6011,萏,59,561087790
6012,泺,59,561087849
6013,鹩,59,561087908
6014,窭,59,561087967
6015,阌,59,561088026
6016,岜,59,561088085
6017,袷,58,561088143
6018,矬,58,561088201
6019,硗,58,561088259
6020,荸,58,561088317
6021,颞,58,561088375
6022,殪,58,561088433
6023,蛳,58,561088491
6024,痤,58,561088549
6025,笕,58,561088607
6026,跗,58,561088665
6027,厍,57,561088722
6028,瞍,57,561088779
6029,赜,57,561088836
6030,漶,57,561088893
6031,鋈,56,561088949
6032,赆,56,561089005
6033,嗌,56,561089061
6034,貊,56,561089117
6035,鸺,56,561089173
6036,豳,56,561089229
6037,彳,56,561089285
6038,鄄,55,561089340
6039,酤,55,561089395
6040,饫,55,561089450
6041,襻,55,561089505
6042,憷,55,561089560
6043,枘,55,561089615
6044,荭,54,561089669
6045,疬,54,561089723
6046,孓,54,561089777
6047,榧,54,561089831
6048,罾,54,561089885
6049,苷,54,561089939
6050,岙,53,561089992
6051,嵫,53,561090045
6052,镏,53,561090098
6053,戋,53,561090151
6054,疃,53,561090204
6055,眭,53,561090257
6056,鳐,53,561090310
6057,锸,53,561090363
6058,诼,53,561090416
6059,襞,52,561090468
6060,椠,52,561090520
6061,吡,52,561090572
6062,熳,52,561090624
6063,萑,52,561090676
6064,犸,52,561090728
6065,绋,52,561090780
6066,亓,52,561090832
6067,汔,51,561090883
6068,黾,51,561090934
6069,跏,51,561090985
6070,粢,51,561091036
6071,惝,51,561091087
6072,蚍,51,561091138
6073,纩,51,561091189
6074,窳,51,561091240
6075,龅,50,561091290
6076,撙,50,561091340
6077,秕,50,561091390
6078,洧,50,561091440
6079,硖,50,561091490
6080,嶝,50,561091540
6081,闫,50,561091590
6082,钣,49,561091639
6083,掊,49,561091688
6084,猞,49,561091737
6085,芫,49,561091786
6086,猁,49,561091835
6087,鳎,49,561091884
6088,醅,49,561091933
6089,禊,49,561091982
6090,辋,48,561092030
6091,炝,48,561092078
6092,瘼,48,561092126
6093,舻,48,561092174
6094,礻,48,561092222
6095,钽,48,561092270
6096,坭,48,561092318
6097,浯,47,561092365
6098,鹆,47,561092412
6099,嵛,47,561092459
6100,螈,47,561092506
6101,忮,46,561092552
6102,皲,46,561092598
6103,觫,46,561092644
6104,蛲,46,561092690
6105,湓,46,561092736
6106,鹁,46,561092782
6107,薅,46,561092828
6108,倬,46,561092874
6109,俣,46,561092920
6110,垧,45,561092965
6111,桕,45,561093010
6112,菪,45,561093055
6113,甍,45,561093100
6114,舾,45,561093145
6115,铗,45,561093190
6116,淠,45,561093235
6117,蘩,45,561093280
6118,羟,45,561093325
6119,谖,44,561093369
6120,劓,44,561093413
6121,岈,44,561093457
6122,骟,44,561093501
6123,墼,44,561093545
6124,坩,44,561093589
6125,炅,44,561093633
6126,脘,44,561093677
6127,濞,44,561093721
6128,艟,43,561093764
6129,诖,43,561093807
6130,揠,43,561093850
6131,栝,43,561093893
6132,硎,43,561093936
6133,蚺,43,561093979
6134,艨,43,561094022
6135,蜩,43,561094065
6136,揸,43,561094108
6137,螗,43,561094151
6138,獍,42,561094193
6139,鍪,42,561094235
6140,垤,42,561094277
6141,噍,42,561094319
6142,潴,42,561094361
6143,俜,42,561094403
6144,匚,42,561094445
6145,芩,42,561094487
6146,栌,42,561094529
6147,赙,42,561094571
6148,谇,42,561094613
6149,鄣,41,561094654
6150,绨,41,561094695
6151,尥,41,561094736
6152,蔸,41,561094777
6153,忉,41,561094818
6154,艏,41,561094859
6155,坫,41,561094900
6156,觋,41,561094941
6157,缳,41,561094982
6158,轹,41,561095023
6159,鞒,41,561095064
6160,鲅,41,561095105
6161,鲻,40,561095145
6162,檎,40,561095185
6163,蜣,40,561095225
6164,麴,40,561095265
6165,搿,40,561095305
6166,矧,40,561095345
6167,埏,40,561095385
6168,髟,40,561095425
6169,躔,40,561095465
6170,豇,40,561095505
6171,裒,40,561095545
6172,蚰,40,561095585
6173,钕,40,561095625
6174,箦,39,561095664
6175,廾,39,561095703
6176,鲞,39,561095742
6177,蝾,39,561095781
6178,饣,39,561095820
6179,绠,39,561095859
6180,溱,39,561095898
6181,坌,39,561095937
6182,酎,39,561095976
6183,畎,39,561096015
6184,洇,38,561096053
6185,厶,38,561096091
6186,龆,38,561096129
6187,艿,38,561096167
6188,泐,38,561096205
6189,堠,38,561096243
6190,堋,38,561096281
6191,癀,38,561096319
6192,刂,38,561096357
6193,稆,38,561096395
6194,锾,38,561096433
6195,滏,38,561096471
6196,浍,38,561096509
6197,甙,38,561096547
6198,蔟,37,561096584
6199,嬲,37,561096621
6200,坜,37,561096658
6201,畛,37,561096695
6202,羝,37,561096732
6203,虮,37,561096769
6204,砟,37,561096806
6205,笮,37,561096843
6206,艋,37,561096880
6207,醵,37,561096917
6208,诹,37,561096954
6209,迕,37,561096991
6210,瀹,36,561097027
6211,谂,36,561097063
6212,缋,36,561097099
6213,蝓,36,561097135
6214,蜾,36,561097171
6215,庳,36,561097207
6216,贳,36,561097243
6217,笱,36,561097279
6218,夼,36,561097315
6219,窆,36,561097351
6220,耪,36,561097387
6221,啉,36,561097423
6222,蚧,36,561097459
6223,鲳,35,561097494
6224,镓,35,561097529
6225,洫,35,561097564
6226,疳,35,561097599
6227,舴,35,561097634
6228,芑,35,561097669
6229,蛞,35,561097704
6230,蠓,35,561097739
6231,悃,35,561097774
6232,黉,35,561097809
6233,苠,35,561097844
6234,锆,35,561097879
6235,楗,34,561097913
6236,桄,34,561097947
6237,堙,34,561097981
6238,钍,34,561098015
6239,掎,34,561098049
6240,璺,34,561098083
6241,毹,34,561098117
6242,榱,34,561098151
6243,鸲,34,561098185
6244,橼,34,561098219
6245,庋,34,561098253
6246,袢,34,561098287
6247,鳇,34,561098321
6248,颥,34,561098355
6249,癔,33,561098388
6250,芴,33,561098421
6251,绲,33,561098454
6252,岣,33,561098487
6253,轵,33,561098520
6254,酐,33,561098553
6255,耧,33,561098586
6256,瓿,33,561098619
6257,廒,33,561098652
6258,枵,33,561098685
6259,蒌,33,561098718
6260,塄,33,561098751
6261,铫,33,561098784
6262,镡,32,561098816
6263,蠛,32,561098848
6264,腠,32,561098880
6265,瞢,32,561098912
6266,嵝,32,561098944
6267,垡,32,561098976
6268,酾,32,561099008
6269,蓠,32,561099040
6270,埚,32,561099072
6271,郐,31,561099103
6272,瘵,31,561099134
6273,碲,31,561099165
6274,瘐,31,561099196
6275,龠,31,561099227
6276,陧,31,561099258
6277,鹇,31,561099289
6278,氚,31,561099320
6279,劢,31,561099351
6280,囟,31,561099382
6281,廑,31,561099413
6282,泖,31,561099444
6283,蓰,31,561099475
6284,鲆,30,561099505
6285,蝻,30,561099535
6286,缲,30,561099565
6287,洳,30,561099595
6288,蝤,30,561099625
6289,髁,30,561099655
6290,恧,30,561099685
6291,檑,30,561099715
6292,狃,30,561099745
6293,铌,30,561099775
6294,氘,30,561099805
6295,臁,29,561099834
6296,氍,29,561099863
6297,犰,29,561099892
6298,氽,29,561099921
6299,嗪,29,561099950
6300,呋,29,561099979
6301,朊,29,561100008
6302,糈,29,561100037
6303,桤,29,561100066
6304,鲡,29,561100095
6305,躜,29,561100124
6306,鳔,29,561100153
6307,舣,29,561100182
6308,舳,29,561100211
6309,衄,29,561100240
6310,镟,29,561100269
6311,唼,29,561100298
6312,鼗,28,561100326
6313,冁,28,561100354
6314,锩,28,561100382
6315,厣,28,561100410
6316,诶,28,561100438
6317,黟,28,561100466
6318,氩,28,561100494
6319,铒,28,561100522
6320,臌,28,561100550
6321,瘌,28,561100578
6322,酞,28,561100606
6323,甾,28,561100634
6324,哌,28,561100662
6325,岢,27,561100689
6326,瘙,27,561100716
6327,匦,27,561100743
6328,螬,27,561100770
6329,戽,27,561100797
6330,缍,26,561100823
6331,刭,26,561100849
6332,伲,26,561100875
6333,鞴,26,561100901
6334,擗,26,561100927
6335,箅,26,561100953
6336,跽,26,561100979
6337,镆,26,561101005
6338,铍,26,561101031
6339,胗,26,561101057
6340,唛,26,561101083
6341,蕻,25,561101108
6342,蟪,25,561101133
6343,沩,25,561101158
6344,骒,25,561101183
6345,邶,25,561101208
6346,揲,25,561101233
6347,骱,25,561101258
6348,鞲,25,561101283
6349,丶,25,561101308
6350,鹾,25,561101333
6351,胍,25,561101358
6352,渫,25,561101383
6353,丬,25,561101408
6354,瑭,24,561101432
6355,埘,24,561101456
6356,墁,24,561101480
6357,冫,24,561101504
6358,髌,24,561101528
6359,憝,24,561101552
6360,碡,24,561101576
6361,篥,24,561101600
6362,虼,24,561101624
6363,莸,24,561101648
6364,鲐,23,561101671
6365,熘,23,561101694
6366,鼯,23,561101717
6367,芤,23,561101740
6368,椐,23,561101763
6369,喹,23,561101786
6370,謦,23,561101809
6371,稂,23,561101832
6372,缂,23,561101855
6373,馘,23,561101878
6374,鲦,23,561101901
6375,疒,23,561101924
6376,剞,23,561101947
6377,炱,23,561101970
6378,摅,22,561101992
6379,鸸,22,561102014
6380,涠,22,561102036
6381,氙,22,561102058
6382,垌,22,561102080
6383,驵,22,561102102
6384,苤,21,561102123
6385,攵,21,561102144
6386,酃,21,561102165
6387,劂,21,561102186
6388,剀,21,561102207
6389,罨,21,561102228
6390,甏,21,561102249
6391,荽,21,561102270
6392,枧,21,561102291
6393,醣,21,561102312
6394,鬏,21,561102333
6395,甓,21,561102354
6396,谫,21,561102375
6397,陴,21,561102396
6398,唪,20,561102416
6399,煳,20,561102436
6400,镧,20,561102456
6401,呙,20,561102476
6402,砗,20,561102496
6403,菔,20,561102516
6404,鲮,20,561102536
6405,汆,20,561102556
6406,裉,20,561102576
6407,啶,20,561102596
6408,丨,20,561102616
6409,庀,20,561102636
6410,绱,20,561102656
6411,嫜,19,561102675
6412,嫘,19,561102694
6413,苁,19,561102713
6414,鞔,19,561102732
6415,酴,19,561102751
6416,瘕,19,561102770
6417,黪,19,561102789
6418,脬,19,561102808
6419,茈,19,561102827
6420,糨,19,561102846
6421,膦,19,561102865
6422,蟛,19,561102884
6423,脞,19,561102903
6424,锼,19,561102922
6425,蝰,19,561102941
6426,堍,19,561102960
6427,洚,19,561102979
6428,筢,19,561102998
6429,爝,18,561103016
6430,闶,18,561103034
6431,醑,18,561103052
6432,搌,18,561103070
6433,镘,18,561103088
6434,脒,18,561103106
6435,糇,18,561103124
6436,轺,18,561103142
6437,嗍,18,561103160
6438,橥,18,561103178
6439,芈,18,561103196
6440,圬,18,561103214
6441,蛸,18,561103232
6442,冂,18,561103250
6443,穸,18,561103268
6444,薷,18,561103286
6445,帱,18,561103304
6446,磙,18,561103322
6447,檫,18,561103340
6448,苄,18,561103358
6449,鳊,17,561103375
6450,铘,17,561103392
6451,镦,17,561103409
6452,髂,17,561103426
6453,嘧,17,561103443
6454,筅,17,561103460
6455,阽,17,561103477
6456,肟,17,561103494
6457,砜,17,561103511
6458,岵,17,561103528
6459,茼,17,561103545
6460,鹋,17,561103562
6461,钭,17,561103579
6462,漭,17,561103596
6463,肜,17,561103613
6464,浞,17,561103630
6465,煸,17,561103647
6466,搛,17,561103664
6467,瘛,16,561103680
6468,咴,16,561103696
6469,珧,16,561103712
6470,掭,16,561103728
6471,胨,16,561103744
6472,趼,16,561103760
6473,槔,16,561103776
6474,锛,16,561103792
6475,宀,16,561103808
6476,酏,16,561103824
6477,鄹,16,561103840
6478,窀,16,561103856
6479,钇,16,561103872
6480,脲,16,561103888
6481,眢,16,561103904
6482,骶,16,561103920
6483,鼷,16,561103936
6484,蠼,15,561103951
6485,蒽,15,561103966
6486,绗,15,561103981
6487,埯,15,561103996
6488,蛏,15,561104011
6489,萜,15,561104026
6490,铷,15,561104041
6491,砬,15,561104056
6492,鲣,15,561104071
6493,钋,15,561104086
6494,瘅,15,561104101
6495,肭,15,561104116
6496,鼢,15,561104131
6497,獯,15,561104146
6498,鲰,15,561104161
6499,狁,15,561104176
6500,茇,15,561104191
6501,跞,15,561104206
6502,桊,15,561104221
6503,苈,14,561104235
6504,虍,14,561104249
6505,蛑,14,561104263
6506,垲,14,561104277
6507,钌,14,561104291
6508,崞,14,561104305
6509,锇,14,561104319
6510,彡,14,561104333
6511,吣,14,561104347
6512,簖,14,561104361
6513,腧,14,561104375
6514,傺,14,561104389
6515,钪,14,561104403
6516,蚴,13,561104416
6517,卣,13,561104429
6518,杩,13,561104442
6519,罱,13,561104455
6520,袼,13,561104468
6521,锕,13,561104481
6522,芏,13,561104494
6523,馇,13,561104507
6524,锓,13,561104520
6525,钶,13,561104533
6526,钔,13,561104546
6527,鹨,13,561104559
6528,鳙,13,561104572
6529,哳,13,561104585
6530,眵,13,561104598
6531,癃,13,561104611
6532,貘,12,561104623
6533,氪,12,561104635
6534,肷,12,561104647
6535,灬,12,561104659
6536,铪,12,561104671
6537,哿,12,561104683
6538,踺,12,561104695
6539,篼,12,561104707
6540,硭,12,561104719
6541,锊,12,561104731
6542,銎,12,561104743
6543,赇,12,561104755
6544,肼,12,561104767
6545,羧,12,561104779
6546,镲,12,561104791
6547,乇,12,561104803
6548,冱,12,561104815
6549,哚,11,561104826
6550,搋,11,561104837
6551,鹱,11,561104848
6552,氇,11,561104859
6553,镙,11,561104870
6554,胲,11,561104881
6555,屮,11,561104892
6556,礓,11,561104903
6557,猃,11,561104914
6558,滠,11,561104925
6559,蕺,11,561104936
6560,蕹,11,561104947
6561,蛘,11,561104958
6562,蜱,11,561104969
6563,辁,11,561104980
6564,葜,11,561104991
6565,吲,11,561105002
6566,氆,11,561105013
6567,胂,11,561105024
6568,镄,11,561105035
6569,瓞,11,561105046
6570,蒴,11,561105057
6571,冖,11,561105068
6572,耵,10,561105078
6573,艚,10,561105088
6574,卩,10,561105098
6575,璁,10,561105108
6576,硪,10,561105118
6577,胩,10,561105128
6578,眍,10,561105138
6579,敫,10,561105148
6580,鹎,10,561105158
6581,铟,10,561105168
6582,蜞,10,561105178
6583,砩,10,561105188
6584,猹,10,561105198
6585,镅,10,561105208
6586,滗,10,561105218
6587,瀵,9,561105227
6588,菝,9,561105236
6589,铈,9,561105245
6590,柃,9,561105254
6591,钐,9,561105263
6592,荬,9,561105272
6593,鲩,9,561105281
6594,捃,9,561105290
6595,艴,9,561105299
6596,攉,8,561105307
6597,醭,8,561105315
6598,锔,8,561105323
6599,圊,8,561105331
6600,镩,8,561105339
6601,铽,8,561105347
6602,牿,8,561105355
6603,稃,8,561105363
6604,煺,8,561105371
6605,铕,8,561105379
6606,苊,8,561105387
6607,迮,8,561105395
6608,缏,8,561105403
6609,夂,8,561105411
6610,碹,8,561105419
6611,鳢,8,561105427
6612,粞,8,561105435
6613,嘌,8,561105443
6614,骺,8,561105451
6615,筻,7,561105458
6616,怊,7,561105465
6617,茺,7,561105472
6618,钬,7,561105479
6619,溻,7,561105486
6620,泶,7,561105493
6621,烀,7,561105500
6622,莶,7,561105507
6623,榍,7,561105514
6624,楱,7,561105521
6625,锬,7,561105528
6626,耩,7,561105535
6627,岽,7,561105542
6628,硇,7,561105549
6629,蹯,7,561105556
6630,焓,7,561105563
6631,箢,7,561105570
6632,锫,6,561105576
6633,锎,6,561105582
6634,坶,6,561105588
6635,钫,6,561105594
6636,凵,6,561105600
6637,锪,6,561105606
6638,觖,6,561105612
6639,癍,6,561105618
6640,瘊,6,561105624
6641,佴,6,561105630
6642,劁,6,561105636
6643,铼,6,561105642
6644,飑,6,561105648
6645,肀,6,561105654
6646,仂,6,561105660
6647,莛,6,561105666
6648,筘,6,561105672
6649,葶,6,561105678
6650,砘,6,561105684
6651,锘,5,561105689
6652,犏,5,561105694
6653,痦,5,561105699
6654,铑,5,561105704
6655,镱,5,561105709
6656,耱,5,561105714
6657,炻,5,561105719
6658,锝,5,561105724
6659,镥,5,561105729
6660,崾,5,561105734
6661,蒎,5,561105739
6662,勹,5,561105744
6663,蔹,5,561105749
6664,弪,5,561105754
6665,澉,5,561105759
6666,鲴,5,561105764
6667,鐾,5,561105769
6668,铞,5,561105774
6669,磲,4,561105778
6670,舭,4,561105782
6671,耔,4,561105786
6672,碥,4,561105790
6673,嵴,4,561105794
6674,膣,4,561105798
6675,钷,4,561105802
6676,丿,4,561105806
6677,鲕,4,561105810
6678,莰,4,561105814
6679,锍,4,561105818
6680,蟓,4,561105822
6681,揞,4,561105826
6682,阢,4,561105830
6683,巯,4,561105834
6684,軎,4,561105838
6685,沲,4,561105842
6686,嚆,4,561105846
6687,螋,4,561105850
6688,镎,4,561105854
6689,吖,4,561105858
6690,茳,4,561105862
6691,砹,4,561105866
6692,脎,4,561105870
6693,痃,4,561105874
6694,塥,3,561105877
6695,钆,3,561105880
6696,腽,3,561105883
6697,戤,3,561105886
6698,鲒,3,561105889
6699,醌,3,561105892
6700,羰,3,561105895
6701,耖,3,561105898
6702,茚,3,561105901
6703,铥,3,561105904
6704,猸,3,561105907
6705,鳆,3,561105910
6706,痄,3,561105913
6707,榀,3,561105916
6708,锿,3,561105919
6709,撖,3,561105922
6710,礤,3,561105925
6711,齄,3,561105928
6712,疰,3,561105931
6713,蝽,3,561105934
6714,菥,2,561105936
6715,禚,2,561105938
6716,鹛,2,561105940
6717,瘃,2,561105942
6718,葙,2,561105944
6719,镨,2,561105946
6720,鳘,2,561105948
6721,亠,2,561105950
6722,钸,2,561105952
6723,蒇,2,561105954
6724,铹,2,561105956
6725,彐,2,561105958
6726,胬,2,561105960
6727,犋,2,561105962
6728,毪,2,561105964
6729,磉,2,561105966
6730,鲚,2,561105968
6731,牮,2,561105970
6732,聍,2,561105972
6733,耥,1,561105973
6734,耠,1,561105974
6735,劐,1,561105975
6736,佧,1,561105976
6737,鼽,1,561105977
6738,锖,1,561105978
6739,赕,1,561105979
6740,浈,1,561105980
6741,瘭,1,561105981
6742,鳋,1,561105982
6743,攴,1,561105983
6744,鲼,1,561105984
6745,漤,1,561105985
6746,膪,1,561105986
6747,骣,1,561105987
6748,镤,1,561105988
6749,螵,1,561105989
6750,巛,0,561105989
6751,耢,0,561105989
6752,轷,0,561105989
6753,荮,0,561105989
6754,尜,0,561105989
6755,铴,0,561105989
6756,鲺,0,561105989
6757,墚,0,561105989
6758,礞,0,561105989
6759,氕,0,561105989
6760,脶,0,561105989
6761,蒈,0,561105989
6762,鳓,0,561105989
6763,腙,0,561105989
